Index,Initial x,Initial vy,Period,Jacobi Constant,Stability Index,Eig1,Eig2,Eig3,Eig4,Eig5,Eig6
0,0.8939539551155801,-0.3728394231978033,25.68606010759056,3.0993868095283177,110433.7736024111,(-220866.86654958225+0j),(-4.527600422406765e-06+0j),(0.9999994963731537+0.0010045758756744903j),(0.9999994963731537-0.0010045758756744903j),(2.666894457681402+0j),(0.37496796962464657+0j)
1,0.8939539551155801,-0.3728394231978033,25.68606010759056,3.0993868095283177,585792.5756830494,(1158956.1625828808+0j),(8.535444468843793e-07+0j),(1.000161835966861+0j),(0.9998381977412963+0j),(0.36402173811581406+0j),(2.747088690845922+0j)
2,0.8950055397578193,-0.3788498896566201,25.71190678508148,3.097153860010023,1560965.5982997343,(3121931.196599148+0j),(0.9999999016045942+0.00045022795127672616j),(0.9999999016045942-0.00045022795127672616j),(3.2291768304613396e-07+0j),(2.8447249910429937+0j),(0.35152782892851475+0j)
3,0.8962944685043926,-0.386236043785803,25.749967234395218,3.094406461435673,2371650.7619406376,(4743301.523881065+0j),(1.000193606590328+0j),(0.9998064273807874+0j),(2.1186611003474325e-07+0j),(2.925206481063398+0j),(0.34185620962951185+0j)
4,0.8974219302267423,-0.3927158081629225,25.786660809508287,3.0919949713475807,3181959.2184858746,(6263086.228297995+0j),(0.9999999943455942+0.00012542282859107326j),(0.9999999943455942-0.00012542282859107326j),(1.5713589196719366e-07+0j),(3.0079082178395136+0j),(0.33245695266536274+0j)
5,0.898439908713434,-0.3985832399297099,25.82183144004304,3.089811665965836,3688563.051760747,(7377126.103521358+0j),(1.0001213681459802+0j),(0.999878642664951+0j),(1.3971431612054193e-07+0j),(3.0758305934867582+0j),(0.3251154345488186+0j)
6,0.8993718019908389,-0.4039699918813064,25.855467923215617,3.087808404057675,4149442.533235021,(8266187.160189245+0j),(1.000256486712176+0j),(0.9997435630163177+0j),(1.2049811414310472e-07+0j),(3.135823205652755+0j),(0.31889552899453943+0j)
7,0.9002315900145623,-0.4089542705191447,25.88760054360253,3.0859565233392168,4501182.720280528,(9002365.440560944+0j),(1.000143908722142+0j),(0.999856112508087+0j),(1.1353683127021532e-07+0j),(3.1901921486285647+0j),(0.31346074261698753+0j)
8,0.9010289024840274,-0.4135896399748634,25.91827544837946,3.0842362935813,4812236.126669191,(9624472.253338277+0j),(1.000285323521543+0j),(0.9997147723561256+0j),(1.0410012026525801e-07+0j),(3.2400278640189235+0j),(0.3086393210086772+0j)
9,0.9017709567656098,-0.4179160377195866,25.947545398275363,3.082632907349048,5478966.398852039,(10156938.334130742+0j),(1.0001591110398653+0j),(0.9998409048172541+0j),(9.125808840601119e-08+0j),(3.285966302319057+0j),(0.30432448418422625+0j)
10,0.9024634655516576,-0.4219649342876004,25.975465693016904,3.081134613890325,5484829.070628668,(10616683.070009887+0j),(1.0000465622028876+0j),(0.9999534452309694+0j),(9.116054366716927e-08+0j),(3.3284390832872397+0j),(0.30044113020460084+0j)
11,0.90311112238683,-0.425762092591099,26.00209214407348,3.0797317270485385,6406766.042293642,(11016180.796854533+0j),(1.0001687825968077+0j),(0.9998313273577895+0j),(7.804249393520878e-08+0j),(3.367773148434393+0j),(0.2969321138702193+0j)
12,0.903717887349172,-0.4293291900928255,26.027479985841943,3.078416044844416,5682515.5685298005,(11365031.137059513+0j),(0.9999999866883997+0.00030773558235253984j),(0.9999999866883997-0.00030773558235253984j),(1.022562086394802e-07+0j),(3.4042356340895976+0j),(0.2937516986151326+0j)
13,0.9042871677396714,-0.4326848431160688,26.051683264265684,3.077180484174531,6508806.08559719,(11670848.638105221+0j),(1.0001680835256699+0j),(0.9998319393935452+0j),(7.68190038886567e-08+0j),(3.4380559185677697+0j),(0.29086205218458283+0j)
14,0.90477798633547,-0.4355852266271187,26.072846086010003,3.076114347842433,5969903.773246077,(11939807.54649207+0j),(1.0003190147740424+0j),(0.9996810704297039+0j),(8.912748433229117e-08+0j),(3.4694372244043485+0j),(0.2882311842871509+0j)
15,0.9054453117859012,-0.439539834834779,26.102054925415068,3.074663566577932,6079029.761713751,(12158059.52342742+0j),(0.9999998464015833+0.000524495204076034j),(0.9999998464015833-0.000524495204076034j),(9.579445192430211e-08+0j),(3.496183212648881+0j),(0.28602620033814724+0j)
16,0.9060934221926664,-0.4433934680938835,26.13090061547045,3.073253236718132,6217499.296402539,(12434998.592804998+0j),(1.000287224904374+0j),(0.9997129367758751+0j),(1.0169689104992186e-07+0j),(3.5320242385502008+0j),(0.28312376486137525+0j)
17,0.9067016018531412,-0.44702176126253,26.15839604388817,3.071928657452601,6400059.314665491,(12682608.824286338+0j),(1.0007355626792525+0j),(0.9992649123068523+0j),(7.812427595073568e-08+0j),(3.566180111128727+0j),(0.2804120848746118+0j)
18,0.9072729356806504,-0.4504413533624818,26.18460196191436,3.070683353652586,6448131.288261447,(12896262.576522816+0j),(0.9999998912032901+0.0003559986216262816j),(0.9999998912032901-0.0003559986216262816j),(8.403387296360444e-08+0j),(3.597570442922878+0j),(0.27796537020342954+0j)
19,0.9078319939082944,-0.4537983101260236,26.210598017716585,3.0694639222030835,8368095.944413,(13080826.997029554+0j),(0.9999997642926127+0.000763273877127606j),(0.9999997642926127-0.000763273877127606j),(5.975074895428622e-08+0j),(3.6264095399696887+0j),(0.2757548448343014+0j)
20,0.9083578936236392,-0.4569663103459119,26.235371855854225,3.068316040821237,6623293.020525587,(13246586.041051097+0j),(0.9999994456374823+0.0010405999434365358j),(0.9999994456374823-0.0010405999434365358j),(1.1717338863557512e-07+0j),(3.653958415538755+0j),(0.2736758020418043+0j)
21,0.9088530049930558,-0.4599581486149631,26.25897949538635,3.0672346907327817,6694684.119309327,(13389368.238618579+0j),(0.9999997705289427+0.0006988116782181158j),(0.9999997705289427-0.0006988116782181158j),(1.3135139639357275e-07+0j),(3.6792130495216853+0j),(0.27179725298321006+0j)
22,0.9093194744073576,-0.4627854351337877,26.28147464276833,3.066215314452354,8596273.58313767,(13512355.529955063+0j),(0.999999923101123+0.0003229386259275485j),(0.999999923101123-0.0003229386259275485j),(5.816473791397178e-08+0j),(3.70235632072181+0j),(0.27009825996570225+0j)
23,0.9097592539927144,-0.465458756162697,26.30290873323603,3.065253756575623,6809127.728307641,(13618255.45661521+0j),(0.9999996078201943+0.000841969268314619j),(0.9999996078201943-0.000841969268314619j),(7.853560786112743e-08+0j),(3.7235580109285498+0j),(0.2685603385431367+0j)
24,0.9101936677992984,-0.4681071059826114,26.3242978090256,3.0643034559952653,7529547.591031776,(13709381.080917235+0j),(1.0003350843212648+0j),(0.9996650113306075+0j),(6.640505209045197e-08+0j),(3.7429755503226985+0j),(0.2671671205316222+0j)
25,0.9106035378965516,-0.470612983205176,26.344676811673025,3.063406419881587,6895611.481893902,(13791222.96378773+0j),(1.000516482661373+0j),(0.9994837440615394+0j),(8.239729517336052e-08+0j),(3.7615788060860242+0j),(0.2658458194155167+0j)
26,0.9109904638567664,-0.4729851214414761,26.36409278068799,3.0625592244324515,6930555.211890739,(13861110.423781406+0j),(1.0000000047764193+0.00030394212777029816j),(1.0000000047764193-0.00030394212777029816j),(8.966944040600421e-08+0j),(3.7785751500574447+0j),(0.2646500229020931+0j)
27,0.9113559160258788,-0.4752315796565045,26.382590665039107,3.061758716728559,6960327.08347194,(13920654.166943807+0j),(1.0005482403618138+0j),(0.9994522689714573+0j),(8.499920301808922e-08+0j),(3.7940987992887703+0j),(0.2635672007770165+0j)
28,0.911701249169502,-0.4773598136493691,26.40021339845088,3.061001986863092,6985620.525983904,(13971241.051967736+0j),(1.0005196051095622+0j),(0.9994806427135086+0j),(1.113404652046623e-07+0j),(3.80827360598781+0j),(0.26258617511821075+0j)
29,0.9120130109995308,-0.4792857944148889,26.416243157433456,3.060318580122354,7007034.161958084,(14014068.323916096+0j),(1.0007316650558955+0j),(0.9992687516135121+0j),(9.467289297999931e-08+0j),(3.8212137145207326+0j),(0.2616969567025122+0j)
30,0.9124227758086692,-0.4818240536552656,26.437486488159543,3.0594199965116475,7024317.638754103,(14048635.277508136+0j),(0.9999989237364314+0.0014699770737701223j),(0.9999989237364314-0.0014699770737701223j),(1.2627090512554842e-07+0j),(3.8325013457965005+0j),(0.2609261966983477+0j)
31,0.912839782202247,-0.4844153308670176,26.459310262861592,3.0585051310803184,7044120.560527487,(14088241.121054903+0j),(1.0006145265670014+0j),(0.9993855640414752+0j),(7.991657375245244e-08+0j),(3.846744330420152+0j),(0.2599600893909062+0j)
32,0.9132334108674908,-0.4868690743895232,26.48010182280936,3.057641184084252,7164491.329010489,(14121853.919321582+0j),(0.9999968520977759+0.00253120131063215j),(0.9999968520977759-0.00253120131063215j),(6.978862518479159e-08+0j),(3.860517657090663+0j),(0.25903261915232234+0j)
33,0.913605157867496,-0.4891934733809233,26.499909469796293,3.056824935125256,10246447.607449949,(14147496.18808011+0j),(1.0006539371362688+0j),(0.9993464815279606+0j),(4.8797399757986665e-08+0j),(3.8728208240737776+0j),(0.25820972501074857+0j)
34,0.9139729608813908,-0.4915001091120798,26.51967258380078,3.056017032680465,7083186.937489318,(14166373.874978565+0j),(0.9999999915639697+0.0002119499582742422j),(0.9999999915639697-0.0002119499582742422j),(7.341313124774497e-08+0j),(3.883790829881367+0j),(0.2574803957788139+0j)
35,0.9143048587075948,-0.4935875803355595,26.537648885308016,3.055287730905203,7090015.962867418,(14180031.925734766+0j),(0.9999997112298427+0.0006785812199119687j),(0.9999997112298427-0.0006785812199119687j),(1.3301578789203321e-07+0j),(3.8939986394612256+0j),(0.2568054312772805+0j)
36,0.9146335187474216,-0.4956604182865612,26.555584020951528,3.05456529368943,7094069.753247788,(14188139.506495506+0j),(0.9999998234750829+0.0005191117496442265j),(0.9999998234750829-0.0005191117496442265j),(8.341153210803655e-08+0j),(3.902637868995542+0j),(0.2562369437206751+0j)
37,0.9149443354678132,-0.4976260640550666,26.572669198614307,3.053881849101652,7096143.392791251,(14192286.78558243+0j),(0.9999998290966623+0.0006167792562030468j),(0.9999998290966623-0.0006167792562030468j),(8.080718776130683e-08+0j),(3.9106390415617853+0j),(0.25571268260049357+0j)
38,0.9152383881723162,-0.499490559839724,26.58894442314996,3.0532350606485297,26798984.98621815,(14192708.881220616+0j),(0.9999999455153433+0.00048477062873372506j),(0.9999999455153433-0.00048477062873372506j),(1.8657423042594113e-08+0j),(3.9176821070427383+0j),(0.2552529717003606+0j)
39,0.9155166792993772,-0.5012595487802743,26.60444785280291,3.052622756015441,7095011.085153624,(14190022.170307178+0j),(1.0000000055824474+0.0005274201615952936j),(1.0000000055824474-0.0005274201615952936j),(7.665215487684059e-08+0j),(3.9238620131794146+0j),(0.25485095975373384+0j)
40,0.91578014114795,-0.5029383084510579,26.61921587910865,3.052042912947597,11200915.037087554,(14184755.006823543+0j),(1.0000001353004928+0.00016239849811769806j),(1.0000001353004928-0.00016239849811769806j),(4.4639210130997504e-08+0j),(3.929265266992792+0j),(0.25450050634156257+0j)
41,0.916029641871318,-0.5045317806529048,26.633283204229183,3.051493646635239,7088680.062855255,(14177360.125710439+0j),(0.9999994490250166+0.0010572753766854852j),(0.9999994490250166-0.0010572753766854852j),(9.001509935854403e-08+0j),(3.933970597807799+0j),(0.2541961041999747+0j)
42,0.9162792418206852,-0.5061295117568126,26.64743631242325,3.0509440154003733,9372020.935615065,(14168226.873749316+0j),(1.0013934692598045+0j),(0.9986081959754428+0j),(5.335028628669913e-08+0j),(3.9380495751670956+0j),(0.2539328113860941+0j)
43,0.9165156831029496,-0.5076464022778872,26.66091770650172,3.0504232243370333,15507735.240239196,(14157040.4973655+0j),(0.999996952169522+0.002598286103488554j),(0.999996952169522-0.002598286103488554j),(3.2241974231195886e-08+0j),(3.941754294086041+0j),(0.25369414869423246+0j)
44,0.9167397216044652,-0.5090868064713534,26.67375912825541,3.0499296292675218,7072290.578631373,(14144581.157262675+0j),(0.9999993733142437+0.0012086495537251636j),(0.9999993733142437-0.0012086495537251636j),(9.316433024569632e-08+0j),(3.9449088943679524+0j),(0.2534912787029557+0j)
45,0.9169520635298358,-0.510454814703295,26.68599083638821,3.049461692924218,7065560.588148484,(14131121.176296897+0j),(1.0001996857204927+0j),(0.9998003112751777+0j),(1.1082896174312941e-07+0j),(3.94757244077307+0j),(0.2533202404777536+0j)
46,0.917153369304529,-0.511754272819381,26.697641673559644,3.049017976662848,12530303.396689082,(14116896.170255322+0j),(1.00063544340825+0j),(0.9993651053191508+0j),(3.990326364580424e-08+0j),(3.949798405471623+0j),(0.253177478277044+0j)
47,0.9173442571047318,-0.5129887996976502,26.708739130730947,3.048597132954983,7051053.183666086,(14102106.3673321+0j),(0.9999995161003202+0.000928718212067863j),(0.9999995161003202-0.000928718212067863j),(1.3752911713113586e-07+0j),(3.9516351612013696+0j),(0.25305979909743853+0j)
48,0.9175253060573948,-0.514161803201888,26.719309408866646,3.0481978985716545,7043461.448304327,(14086922.896608584+0j),(0.9999995798034018+0.0007666317875275008j),(0.9999995798034018-0.0007666317875275008j),(9.564791187957358e-08+0j),(3.9531264194900757+0j),(0.2529643360429084+0j)
49,0.9176970591475276,-0.5152764947206221,26.72937747805437,3.0478190883818086,7035745.104415687,(14071490.208831303+0j),(0.9999996480461562+0.0010773276153388433j),(0.9999996480461562-0.0010773276153388433j),(1.206206773580949e-07+0j),(3.95431164563438+0j),(0.25288851502233173+0j)
50,0.9178600258648296,-0.5163359024504091,26.73896713411344,3.0474595896993004,91919465.16720158,(14055931.061507266+0j),(1.0009247401700891+0j),(0.9990761947867678+0j),(5.439544269437378e-09+0j),(3.9552264312015373+0j),(0.25283002563678686+0j)
51,0.9180146846176944,-0.5173428835609813,26.74810105276748,3.047118357120412,13530158.74866479,(14040347.944920857+0j),(0.9999996372469626+0.0005706831141549058j),(0.9999996372469626-0.0005706831141549058j),(3.695448141355641e-08+0j),(3.9559028466750927+0j),(0.252786794508991+0j)
52,0.9181614849389405,-0.5183001353607022,26.75680084146039,3.046794407801209,19042036.874685,(14024828.511152878+0j),(0.9999995993870969+0.0008648404149142037j),(0.9999995993870969-0.0008648404149142037j),(2.625769518725773e-08+0j),(3.9563697511257514+0j),(0.25275696229237743+0j)
53,0.9183008495047472,-0.5192102055660759,26.765087088896628,3.0464868171301043,437229193.6799975,(14009445.507462204+0j),(1.0014314989096267+0j),(0.9985706417185489+0j),(-1.143564993434413e-09+0j),(3.956653092726126+0j),(0.252738862003944+0j)
54,0.9184331759855976,-0.5200755017654877,26.77297941238777,3.046194714756319,6997128.866096433,(13994257.732192796+0j),(1.0008953466202288+0j),(0.9991052382993012+0j),(7.339054348012647e-08+0j),(3.9567761803293755+0j),(0.2527309997900226+0j)
55,0.9185588387458474,-0.5208983001564661,26.780496503087427,3.045917280939465,6989658.063732423,(13979316.127464775+0j),(1.0012869772168593+0j),(0.9987152548419231+0j),(1.0429442474320386e-07+0j),(3.9567599142733605+0j),(0.2527320387554084+0j)
56,0.9186781904066218,-0.5216807536261241,26.78765616919611,3.0456537431894977,6982329.808814898,(13964659.617629725+0j),(0.9999995920598573+0.0009329609948099026j),(0.9999995920598573-0.0009329609948099026j),(1.0848381514136559e-07+0j),(3.956623029629751+0j),(0.2527407823569099+0j)
57,0.918791563285056,-0.5224248992362986,26.79447537721638,3.04540337316961,6975161.056850841,(13950322.113701612+0j),(0.9999995434677114+0.0012716389445406508j),(0.9999995434677114-0.0012716389445406508j),(1.720017599587374e-07+0j),(3.9563822820360666+0j),(0.2527561617441496+0j)
58,0.9189067182004498,-0.5231816331308441,26.801419979655417,3.045149033762134,7191284.28066697,(13936329.039761435+0j),(1.001117355041047+0j),(0.9988833689484358+0j),(6.9528609979194e-08+0j),(3.956052650043053+0j),(0.2527772222619715+0j)
59,0.9190161141837432,-0.5239013598430968,26.808034329210887,3.044907382059585,6960872.450001047,(13921744.900002021+0j),(0.9999995032437332+0.0010075069866399267j),(0.9999995032437332-0.0010075069866399267j),(7.403891771963645e-08+0j),(3.955616153320123+0j),(0.2528051158757278+0j)
60,0.9191200521258396,-0.5245859378725891,26.81433410784136,3.0446777580367064,10924043.26638535,(13907547.079269588+0j),(0.9999998310113922+0.0006851345305789844j),(0.9999998310113922-0.0006851345305789844j),(4.577059865174314e-08+0j),(3.955105648723329+0j),(0.2528377466535666+0j)
61,0.9192188159607398,-0.5252371274282368,26.820334255340228,3.0444595386118105,6946874.796945811,(13893749.59389155+0j),(0.9999997662295872+0.0009315405650079029j),(0.9999997662295872-0.0009315405650079029j),(9.683437007336828e-08+0j),(3.954533300112469+0j),(0.2528743404364658+0j)
62,0.9193126737392132,-0.5258565961420203,26.82604900418012,3.0442521353288075,6940181.337011681,(13880362.67402329+0j),(0.9999995761544354+0.0011662160950108875j),(0.9999995761544354-0.0011662160950108875j),(1.0969615962924575e-07+0j),(3.9539099125751336+0j),(0.2529142095067902+0j)
63,0.9194018786233692,-0.5264459243961974,26.83149191275484,3.0440549922082725,9266717.261423446,(13867393.062494982+0j),(1.0006713177615818+0j),(0.9993286249722075+0j),(5.3956539936905036e-08+0j),(3.9532450668259367+0j),(0.2529567439144075+0j)
64,0.9194866698089924,-0.5270066102958744,26.83667589708812,3.043867583753105,16959370.49031928,(13854843.61981346+0j),(1.0004279295075578+0j),(0.9995718358263879+0j),(2.9482226376586886e-08+0j),(3.9525472433804953+0j),(0.2530014035062414+0j)
65,0.9195672733818,-0.5275400743156314,26.84161326107632,3.0436894130956347,6921357.673414233,(13842715.346828394+0j),(1.00076478559283+0j),(0.9992361332969486+0j),(-7.443495283792798e-08+0j),(3.951823927240061+0j),(0.2530477112370706+0j)
66,0.9196439031131706,-0.5280476636458895,26.84631572532954,3.043520010274462,6915503.008609771,(13831006.017219469+0j),(0.9999999933023316+0.0004092951558511122j),(0.9999999933023316-0.0004092951558511122j),(7.24486693100203e-08+0j),(3.951081713610215+0j),(0.25309524643727443+0j)
67,0.9197167612003738,-0.5285306562625026,26.85079445467327,3.0433589306303466,6909856.289699809,(13819712.579399545+0j),(1.0003206911825533+0j),(0.9996795713123787+0j),(1.3935366419055546e-07+0j),(3.950326391473305+0j),(0.25314363951253877+0j)
68,0.9197860389558088,-0.5289902647405221,26.85506008437062,3.043205753311523,11134229.064008282,(13808829.597857602+0j),(1.0005114592626458+0j),(0.9994891503833493+0j),(-4.4906566689584776e-08+0j),(3.9495630318619677+0j),(0.253192566350449+0j)
69,0.919851917449376,-0.5294276398314172,26.859122745122253,3.043060079879706,6899175.283917076,(13798350.56783408+0j),(1.0000000929263937+8.987064762139182e-05j),(1.0000000929263937-8.987064762139182e-05j),(7.554552830789226e-08+0j),(3.9487960586011934+0j),(0.2532417438529968+0j)
70,0.9199145681076732,-0.5298438738209733,26.862992086899457,3.0429215330089265,6894134.006916351,(13788268.013832629+0j),(1.0000001184980674+0.0003575131403623917j),(1.0000001184980674-0.0003575131403623917j),(8.532490056979659e-08+0j),(3.9480293159775868+0j),(0.2532909256658829+0j)
71,0.9199741532734236,-0.5302400036839343,26.86667730166305,3.0427897552699115,6889286.638939814,(13778573.277879555+0j),(0.999999568044388+0.0011416194052223168j),(0.999999568044388-0.0011416194052223168j),(1.080023011447812e-07+0j),(3.947266130950556+0j),(0.25333989825489195+0j)
72,0.9200308267281762,-0.5306170140496288,26.8701871450189,3.042664407993555,6884628.739108874,(13769257.478217676+0j),(0.9999993398470908+0.001125590358481639j),(0.9999993398470908-0.001125590358481639j),(1.098787676589839e-07+0j),(3.946509365485267+0j),(0.25338847761153765+0j)
73,0.9200847341810954,-0.5309758399919824,26.87352995685865,3.04254517020744,6880155.662322029,(13760311.324643984+0j),(1.0007712467779186+0j),(0.9992293768012165+0j),(1.334081390028055e-07+0j),(3.945761467356257+0j),(0.25343650605164736+0j)
74,0.9201360137263778,-0.5313173696558869,26.87671368103206,3.0424317376400194,23053770.87746373,(13751723.818141133+0j),(1.0006759320842744+0j),(0.9993244939112247+0j),(2.1688425839643288e-08+0j),(3.945024519841354+0j),(0.25348384907889415+0j)
75,0.9201847962716194,-0.5316424467310654,26.87974588409553,3.042323821787476,12587291.627934571,(13743485.282210525+0j),(1.0012265484484042+0j),(0.9987750484078324+0j),(3.972260393890985e-08+0j),(3.9443002723192575+0j),(0.2535303934687511+0j)
76,0.9202312059392748,-0.5319518727836751,26.88263377317948,3.042221149038685,6867792.178724035,(13735584.357447997+0j),(1.0001161128151204+0j),(0.9998837826252533+0j),(1.9202925565895386e-07+0j),(3.943590187263123+0j),(0.253576044293286+0j)
77,0.9202753604431348,-0.5322464094549446,26.885384213015,3.04212345985416,11359845.232140906,(13728011.07270142+0j),(0.9999999340503413+0.0006860369033305073j),(0.9999999340503413-0.0006860369033305073j),(4.401468416007369e-08+0j),(3.942895463008669+0j),(0.25362072349667136+0j)
78,0.920317371441623,-0.532526780535582,26.88800374215904,3.042030507995109,38861005.65357667,(13720754.84354027+0j),(1.0012526324093902+0j),(0.9987491133063235+0j),(-1.286636801057621e-08+0j),(3.9422170703834896+0j),(0.2536643675744433+0j)
79,0.9203573448695372,-0.5327936739238395,26.89049858845509,3.0419420597991698,67477377.33664571,(13713803.85933147+0j),(1.000880131021489+0j),(0.9991197213616624+0j),(-7.409890836531658e-09+0j),(3.9415557816356115+0j),(0.25370692574215975+0j)
80,0.9203953812497347,-0.53304774347465,26.892874683764934,3.041857893499514,25880533.74471388,(13707148.641545769+0j),(1.000858017702336+0j),(0.9991425355114826+0j),(1.9319539733299572e-08+0j),(3.9409121825074065+0j),(0.2537483591841285+0j)
81,0.9204315759861637,-0.5332896107467046,26.89513767800541,3.041777798584444,17883831.92339059,(13700777.738461643+0j),(0.9999994635025565+0.0010159552433338247j),(0.9999994635025565-0.0010159552433338247j),(2.7958213996970153e-08+0j),(3.940286708497243+0j),(0.2537886387413105+0j)
82,0.9204660196394756,-0.5335198666536553,26.89729295252264,3.041701575194672,102491085.24150282,(13694681.803592045+0j),(1.0011083235984544+0j),(0.9988924787478932+0j),(-4.878473077164077e-09+0j),(3.9396796504717133+0j),(0.25382774456807916+0j)
83,0.9204987981864317,-0.5337390730254457,26.899345632834606,3.041629033555848,23740314.345754243,(13688849.524197266+0j),(1.0000000680693484+0.00027360379813243344j),(1.0000000680693484-0.00027360379813243344j),(2.106122070323054e-08+0j),(3.939091185904946+0j),(0.253865664135486+0j)
84,0.9205299932712656,-0.533947764132722,26.90130060075089,3.0415599934281863,6841636.021475795,(13683272.042951517+0j),(1.0017985124250413+0j),(0.9982047261869852+0j),(1.057674285235177e-07+0j),(3.938521379481724+0j),(0.2539023922047554+0j)
85,0.9205611663331984,-0.5341563802519538,26.90325560208593,3.0414909992868897,7282654.788707941,(13677917.87157686+0j),(0.9999466378575319+0.010365083970251467j),(0.9999466378575319-0.010365083970251467j),(6.865628187886555e-08+0j),(3.9379702861272428+0j),(0.25393792419480826+0j)
86,0.920593874397301,-0.5343753467788372,26.905308389288805,3.0414186048187752,1522113110.1972156,(13672583.427496348+0j),(1.001058834654323+0j),(0.9989420949635607+0j),(3.2849069931157515e-10+0j),(3.937410755178097+0j),(0.2539740103784896+0j)
87,0.9206281918138652,-0.5346051731162429,26.90746385525138,3.041342645015776,452594146.3213597,(13666939.135910876+0j),(1.0012732080299829+0j),(0.9987280191969468+0j),(-1.1047425249839186e-09+0j),(3.9368143936624844+0j),(0.25401248319194375+0j)
88,0.9206641964180056,-0.5348463933877725,26.909727137840225,3.0412629471034784,25997285.738428656,(13660987.976719182+0j),(0.9999998811035709+0.0009603709467683756j),(0.9999998811035709-0.0009603709467683756j),(1.9232777030292452e-08+0j),(3.9361783656908855+0j),(0.25405352783714147+0j)
89,0.920701969672604,-0.535099567546205,26.912103632201003,3.0411793302188754,6827356.60798048,(13654713.215960886+0j),(1.0013744284554142+0j),(0.9986266389656392+0j),(1.185613837368225e-07+0j),(3.9354996693293005+0j),(0.25409734062318573+0j)
90,0.9207415968235418,-0.5353652825799463,26.914599003659426,3.041091605060359,8721294.72248082,(13648095.082200907+0j),(1.000671594355531+0j),(0.9993291415727439+0j),(5.7330937195730245e-08+0j),(3.9347750543300277+0j),(0.2541441343386447+0j)
91,0.9207831670601362,-0.5356441537717749,26.917219201270644,3.040999573525484,6820556.885963337,(13641113.7719266+0j),(0.9999994492649866+0.0006132036477852532j),(0.9999994492649866-0.0006132036477852532j),(1.5270334367736107e-07+0j),(3.934000988029873+0j),(0.25419414053090966+0j)
92,0.9208267736808368,-0.535936826011984,26.919970472049688,3.040903028336337,7110111.132235043,(13633748.848607328+0j),(1.0000000443769106+0.00039579125579637214j),(1.0000000443769106-0.00039579125579637214j),(7.032238887703981e-08+0j),(3.933173631161536+0j),(0.2542476111599182+0j)
93,0.920872514264148,-0.5362439751676398,26.9228593759176,3.0408017526525386,70599767.73324868,(13625976.988491278+0j),(1.000000055367909+0.0005142261716559126j),(1.000000055367909-0.0005142261716559126j),(7.082176274137047e-09+0j),(3.932288816741961+0j),(0.2543048200687734+0j)
94,0.9209204908447648,-0.5365663095100368,26.92589280139916,3.040695519671757,30610946.65235545,(13617774.479180392+0j),(1.0000001604170172+0.00040993809531130864j),(1.0000001604170172-0.00040993809531130864j),(1.6334026048865305e-08+0j),(3.9313420099330525+0j),(0.2543660657031042+0j)
95,0.9209708100948912,-0.5369045712024934,26.92907798211013,3.040584092217755,6990940.583803998,(13609115.934568942+0j),(1.0011675788659355+0j),(0.9988336685379076+0j),(7.152113424599244e-08+0j),(3.9303282776782384+0j),(0.25443167322163546+0j)
96,0.9210235835106302,-0.5372595378503189,26.932422514073966,3.040467222316093,6799986.787605287,(13599973.5752105+0j),(0.99999986627387+0.0005099931373394737j),(0.99999986627387-0.0005099931373394737j),(1.214590601632106e-07+0j),(3.9292422529689564+0j),(0.2545019969803067+0j)
97,0.9210789276033596,-0.5376320241152484,26.935934373909976,3.0403446507575485,6795159.595958883,(13590319.191917691+0j),(0.9999996805842621+0.0009419927627839542j),(0.9999996805842621-0.0009419927627839542j),(2.2470553432540296e-07+0j),(3.928078086181468+0j),(0.25457742388520405+0j)
98,0.9211369640959408,-0.5380228833964033,26.939621937936668,3.0402161066494937,6790061.1974123735,(13580122.394824672+0j),(1.0014618031067568+0j),(0.998540640934863+0j),(9.915093129132658e-08+0j),(3.9268294049004675+0j),(0.2546583762340305+0j)
99,0.921197820123556,-0.5384330095798953,26.943494002236672,3.0400813069555026,6784674.352264144,(13569348.704528213+0j),(0.9999996293101479+0.000964063198797762j),(0.9999996293101479-0.000964063198797762j),(1.5437845186012297e-07+0j),(3.925489269708884+0j),(0.25474531486215535+0j)
100,0.9212616284389546,-0.5388633388593399,26.947559803731902,3.039939956023528,6778982.549838748,(13557965.099677421+0j),(0.9999997807342371+0.0009045053379498187j),(0.9999997807342371-0.0009045053379498187j),(1.615506110512383e-07+0j),(3.924050099402072+0j),(0.2548387443249928+0j)
101,0.9213285276218164,-0.5393148516294551,26.95182904231975,3.0397917451031384,6772966.816667678,(13545933.633335281+0j),(0.9999997003032335+0.0009525755754141191j),(0.9999997003032335-0.0009525755754141191j),(1.123960248945333e-07+0j),(3.9225036314092554+0j),(0.2549392158601332+0j)
102,0.9213986622918838,-0.5397885744549914,26.95631190412403,3.0396363518523564,131548478.62455244,(13533215.126870502+0j),(1.000000303570662+0.0003788603197150733j),(1.000000303570662-0.0003788603197150733j),(3.800880141130565e-09+0j),(3.9208408415836855+0j),(0.2550473330603423+0j)
103,0.9214721833254746,-0.5402855821173306,26.961019085917044,3.039473439834759,15579817.544255633,(13519766.981544979+0j),(1.0005032204945121+0j),(0.9994970545648835+0j),(3.2092802022855104e-08+0j),(3.9190518773288816+0j),(0.25516375677108305+0j)
104,0.9215492480748848,-0.540806999740974,26.965961820771813,3.039302658007689,28357364.38933376,(13505544.533177625+0j),(1.000840177252744+0j),(0.9991596360483157+0j),(-1.7632104067755617e-08+0j),(3.9171259710753352+0j),(0.25528921137184507+0j)
105,0.9216300205901492,-0.5413540050023297,26.97115190500657,3.039123640202478,52615678.38787048,(13490500.229889557+0j),(1.0000003028817324+0.0003823255181733729j),(1.0000003028817324-0.0003823255181733729j),(9.502870918324325e-09+0j),(3.915051352955748+0j),(0.2554244912381636+0j)
106,0.921714671842538,-0.5419278304232096,26.97660172648695,3.038936004597753,9873125.7430158,(13474582.709100291+0j),(1.0003555726605022+0j),(0.9996443568207534+0j),(5.064252325092677e-08+0j),(3.912815154709445+0j),(0.2555704679267533+0j)
107,0.9218033799490604,-0.5425297657513654,26.9823242943542,3.0387393531871307,10580252.455848323,(13457738.086399172+0j),(1.0010043964750834+0j),(0.9989956780233764+0j),(-4.725785155756108e-08+0j),(3.9104032959072+0j),(0.25572809869678687+0j)
108,0.9218963303971844,-0.543161160430628,26.988333270251456,3.038533271242677,6719954.149313163,(13439908.298626252+0j),(0.9999996216474907+0.0010857713799878926j),(0.9999996216474907-0.0010857713799878926j),(1.4040203062362866e-07+0j),(3.907800369210675+0j),(0.25589843531387446+0j)
109,0.9219937162688544,-0.5438234261632108,26.99464300112376,3.038317326775722,6710516.007351022,(13421032.01470197+0j),(0.9999993640266017+0.0015612929551501752j),(0.9999993640266017-0.0015612929551501752j),(1.43937177299777e-07+0j),(3.9049895045290093+0j),(0.256082634496249+0j)
110,0.9220891395757064,-0.5444730859213627,27.000839528497327,3.038105705473403,78552302.34162645,(13401044.06680014+0j),(1.0012539178003579+0j),(0.9987465928959445+0j),(-6.365185807355259e-09+0j),(3.9019522246715983+0j),(0.25628196923506874+0j)
111,0.9221960231602016,-0.5452016441090068,27.007796702314632,3.0378686346863004,12532913.987672716,(13381250.424657673+0j),(1.0007932705820242+0j),(0.9992077407956316+0j),(3.989495184374498e-08+0j),(3.898883871992307+0j),(0.2564836586140768+0j)
112,0.9223007298898964,-0.5459162651636026,27.01462908551481,3.0376363572383167,6679418.307889447,(13358836.615778819+0j),(1.0008360158900926+0j),(0.999165050241753+0j),(7.985737864205375e-08+0j),(3.895337708959397+0j),(0.2567171513011503+0j)
113,0.9224104020560124,-0.5466657369680714,27.021803471876204,3.037393027244704,6668316.120513152,(13336632.24102623+0j),(1.00000023914498+0.0005565493277363452j),(1.00000023914498-0.0005565493277363452j),(1.1202283519166202e-07+0j),(3.891750886424164+0j),(0.25695375402582105+0j)
114,0.9225252615090698,-0.5474517185098232,27.02933699747194,3.037138146844976,14091493.886563852,(13313115.25910765+0j),(1.0011666321271766+0j),(0.998834647684929+0j),(3.548239839047494e-08+0j),(3.887873176227572+0j),(0.2572100360975002+0j)
115,0.9226455386703042,-0.5482759441552636,27.037247658356584,3.0368711984807546,26894430.08831212,(13288203.038591765+0j),(1.0001408291875094+0j),(0.9998597710977112+0j),(1.859121008915865e-08+0j),(3.883678436499103+0j),(0.2574878472434598+0j)
116,0.922771472729185,-0.5491402267876856,27.04555435381924,3.036591644381008,27116331.84294546,(13261808.647138849+0j),(1.0000000825745363+0.0007555793115080901j),(1.0000000825745363-0.0007555793115080901j),(-1.8439072175983837e-08+0j),(3.879138003394381+0j),(0.2577892302684169+0j)
117,0.9229033118310838,-0.5500464610579351,27.05427693181562,3.03629892606064,12108165.047991049,(13233839.185399055+0j),(0.9999994175258208+0.0011658976406044446j),(0.9999994175258208-0.0011658976406044446j),(4.129444866486681e-08+0j),(3.8742204428373244+0j),(0.25811644297339953+0j)
118,0.9230413132531416,-0.5509966267518792,27.063436236688247,3.0359924638357536,6602098.334298591,(13204196.668597106+0j),(0.9999996630466397+0.00036661258878631684j),(0.9999996630466397-0.00036661258878631684j),(9.005036446913771e-08+0j),(3.8688912673639972+0j),(0.25847198354616324+0j)
119,0.9231857435662004,-0.5519927922789905,27.073054159289534,3.0356716563592605,8759295.437021846,(13172776.202988584+0j),(0.9999999223854871+0.0004111772605510636j),(0.9999999223854871-0.0004111772605510636j),(5.708221666855904e-08+0j),(3.863112633704472+0j),(0.2588586186370305+0j)
120,0.9233368787804732,-0.5530371182868594,27.083153689628062,3.035335880180725,6569733.510852733,(13139467.021705389+0j),(1.0000002589658261+0.0003537246275177456j),(1.0000002589658261-0.0003537246275177456j),(8.445967135426438e-08+0j),(3.856842998683028+0j),(0.25927941592163883+0j)
121,0.9234950044724604,-0.5541318614070949,27.093758972164046,3.0349844893346,8309868.983822984,(13104151.387882102+0j),(0.9999999924044727+0.0006759447936636988j),(0.9999999924044727-0.0006759447936636988j),(-6.016942035709149e-08+0j),(3.8500367476375414+0j),(0.25973778058446556+0j)
122,0.923660415890414,-0.5552793781387497,27.10489536388627,3.0346168149612587,6533352.590517462,(13066705.181034848+0j),(0.9999996259566938+0.001156316623607677j),(0.9999996259566938-0.001156316623607677j),(1.086386087649481e-07+0j),(3.8426437783672234+0j),(0.26023749732662077+0j)
123,0.9238334180354616,-0.5564821288762822,27.116589495309,3.034232164965476,6513498.5304497285,(13026997.06089938+0j),(1.0008610599044738+0j),(0.9991390759535231+0j),(1.1193497846897091e-07+0j),(3.8346090475542245+0j),(0.26078277800909466+0j)
124,0.9240143257152968,-0.5577426820900376,27.12886933453406,3.0338298237172188,6492442.865655095,(12984885.731310114+0j),(0.9999951244394218+0.00316905355722452j),(0.9999951244394218-0.00316905355722452j),(9.377566924036557e-08+0j),(3.825872077100134+0j),(0.2613783158055752+0j)
125,0.9241934171728116,-0.5589934683218651,27.141077862002703,3.033431405137407,22395871.79039648,(12940230.165951163+0j),(1.0013201117924655+0j),(0.9986818892891534+0j),(2.232554305898483e-08+0j),(3.8163663624523427+0j),(0.26202935070348093+0j)
126,0.9243806630852024,-0.5603043086795786,27.15389787745748,3.0330147197245028,8302840.238140997,(12895402.35061378+0j),(1.0010979531021937+0j),(0.9989035220168124+0j),(6.022035660798788e-08+0j),(3.8065790768137537+0j),(0.2627030674578918+0j)
127,0.9245763954916209,-0.5616779845960923,27.16736004750944,3.0325790093367986,7389002.17558325,(12847885.770378519+0j),(0.9999996628223027+0.0008835526723879158j),(0.9999996628223027-0.0008835526723879158j),(6.766813544218977e-08+0j),(3.7959395860158023+0j),(0.263439387624608+0j)
128,0.9247809561954772,-0.5631173987050072,27.18149657923839,3.032123491721035,27779372.723148253,(12797520.732581072+0j),(1.0012817351952503+0j),(0.9987196804013933+0j),(-1.799896653473948e-08+0j),(3.784367403831298+0j),(0.26424495649857+0j)
129,0.924994696682051,-0.5646255797412402,27.196341297639005,3.0316473604165206,6372068.471967772,(12744136.943935465+0j),(0.9999992327245971+0.000781762315566098j),(0.9999992327245971-0.000781762315566098j),(1.5487610719274553e-07+0j),(3.7717740659246846+0j),(0.26512722727331506+0j)
130,0.9252079126122158,-0.5661343553421796,27.211225219349608,3.03117221937348,6343779.297987806,(12687558.595975533+0j),(0.9999993224784645+0.0008863944602914159j),(0.9999993224784645-0.0008863944602914159j),(1.1879126448944451e-07+0j),(3.758062297086388+0j),(0.2660945777230195+0j)
131,0.925430646743316,-0.5677151194941078,27.2268547955868,3.030675673929684,6315160.603551191,(12630321.207102302+0j),(0.9999992770135648+0.0016482007208681606j),(0.9999992770135648-0.0016482007208681606j),(1.6940386696868452e-07+0j),(3.7438121172475216+0j),(0.2671074211745457+0j)
132,0.9255858694910746,-0.5688195791603227,27.237796373794502,3.0303295140118247,12289272.759464668,(12569695.597706996+0j),(1.0007523368100726+0j),(0.9992478135302989+0j),(4.068589002672452e-08+0j),(3.7283059403886947+0j),(0.268218331861397+0j)
133,0.9257654548853048,-0.5701003158272968,27.25050615846317,3.029928899561265,6657341.839159455,(12526951.194579735+0j),(0.9999983600627073+0.0020503440952435946j),(0.9999983600627073-0.0020503440952435946j),(7.510505124717044e-08+0j),(3.717119853761686+0j),(0.2690254926776196+0j)
134,0.9259432320699648,-0.5713712799492627,27.26314203474928,3.029532186147299,13325736.988428786,(12477002.396488432+0j),(1.0009390113353054+0j),(0.9990612394521251+0j),(3.7521376899016434e-08+0j),(3.7037834955884525+0j),(0.269994183296919+0j)
135,0.9261290982669248,-0.5727034284728242,27.27641069756862,3.029117278602534,6213519.877762376,(12427039.755524673+0j),(0.9999990212546256+0.001445409580467106j),(0.9999990212546256-0.001445409580467106j),(2.2000430173533106e-07+0j),(3.690159348628628+0j),(0.2709910075757702+0j)
136,0.9263233823074284,-0.5740996116061977,27.29034387203732,3.0286834208376625,16071186.777028074,(12374266.064059574+0j),(1.0014162218346283+0j),(0.9985856776401246+0j),(-3.11115791843508e-08+0j),(3.675460384122423+0j),(0.27207475948316384+0j)
137,0.926526422642642,-0.5755628054666106,27.30497487607848,3.028229832541362,125221692.87035282,(12318524.362284757+0j),(1.0013619104605624+0j),(0.9986395485216797+0j),(3.992918387692383e-09+0j),(3.6595919570895616+0j),(0.27325450807780693+0j)
138,0.9267290030109844,-0.5770268902135708,27.319644347723475,3.027777088622264,21092578.552389923,(12259653.15146694+0j),(1.0015354001872472+0j),(0.9984670902920546+0j),(-2.3705020168970618e-08+0j),(3.6424504129389135+0j),(0.27454045673422467+0j)
139,0.926940667641516,-0.5785611654318309,27.33504854911624,3.0273038434230144,6100149.679344846,(12200299.35868961+0j),(0.9999999768374808+0.0009438346411888149j),(0.9999999768374808-0.0009438346411888149j),(1.251661796439921e-07+0j),(3.624771249831454+0j),(0.27587947792471557+0j)
140,0.92708820074863,-0.5796333454076456,27.34583224380667,3.026973862870276,10498202.217270523,(12137642.717736498+0j),(1.0011920534778578+0j),(0.9988087178157727+0j),(4.762720222491566e-08+0j),(3.6056751152605724+0j),(0.277340572301605+0j)
141,0.9272589148458124,-0.5808768565436954,27.35835851956113,3.026591907161188,577318670.4429427,(12093589.848345116+0j),(0.9999989159713096+0.0011154337468238665j),(0.9999989159713096-0.0011154337468238665j),(8.660728044987344e-10+0j),(3.5919825445817026+0j),(0.2783977894069751+0j)
142,0.927427936728746,-0.5821110966959425,27.370811837869663,3.026213601125713,32813198.76044472,(12042235.121957164+0j),(1.0015865711144498+0j),(0.9984164280408774+0j),(1.523777074128885e-08+0j),(3.575741640531795+0j),(0.2796622632532489+0j)
143,0.9276046776126708,-0.5834049844143754,27.383888677656564,3.0258178708819155,5995496.311476878,(11990992.622953672+0j),(1.000000145412153+0.0004527628829575497j),(1.000000145412153-0.0004527628829575497j),(1.6152168077532477e-07+0j),(3.5592373623224973+0j),(0.2809590645978941+0j)
144,0.927789454037149,-0.5847613197273986,27.39762028905648,3.0254039849575296,5968498.942658869,(11936997.885317653+0j),(0.9999998270838761+0.0006213877106499341j),(0.9999998270838761-0.0006213877106499341j),(2.6293706022729126e-07+0j),(3.541522172372175+0j),(0.2823644611916117+0j)
145,0.9279825920810854,-0.5861830282558144,27.412039490364727,3.024971187684851,17494083.698516093,(11880107.321513344+0j),(1.001209811435207+0j),(0.9987914614623403+0j),(2.8581091105812655e-08+0j),(3.522495483618137+0j),(0.2838896471693562+0j)
146,0.9281753270393768,-0.587605882136381,27.42649645622924,3.0245391051244988,5910085.387288646,(11820170.774577208+0j),(1.000986918064695+0j),(0.9990135087420412+0j),(1.7298031176369146e-07+0j),(3.502047487522991+0j),(0.2855472415958908+0j)
147,0.9283767415164644,-0.5890972478961171,27.44167735346265,3.02408735955686,6143761.545330647,(11759891.002364136+0j),(1.0015758941217827+0j),(0.9984265328313187+0j),(-8.138336690166808e-08+0j),(3.481063454989144+0j),(0.2872685352996876+0j)
148,0.9285171523401718,-0.5901396218477303,27.452304631459032,3.0237723111252337,50856864.17602227,(11696407.982847564+0j),(0.9999993490523844+0.0008202191801875362j),(0.9999993490523844-0.0008202191801875362j),(-9.83151454775966e-09+0j),(3.458507983350413+0j),(0.2891420244840033+0j)
149,0.9286796478407302,-0.5913487482557448,27.46464911965701,3.023407578902143,6738497.261025258,(11651864.58043867+0j),(0.9999987205342538+0.0010564690459652505j),(0.9999987205342538-0.0010564690459652505j),(-7.420051988326075e-08+0j),(3.44240040798302+0j),(0.29049496905734196+0j)
150,0.9288405566611486,-0.5925490545734017,27.476921609568784,3.0230462675926795,17113832.714445133,(11600027.247841068+0j),(1.0016589867531414+0j),(0.9983430916318975+0j),(2.9216132256450627e-08+0j),(3.42336112761096+0j),(0.2921105786750202+0j)
151,0.9290088395844924,-0.5938075753739083,27.489808461672112,3.0226682463547325,7164829.171333005,(11548396.10418452+0j),(1.000552402572576+0j),(0.9994471552349473+0j),(6.978533445019712e-08+0j),(3.4040820241293552+0j),(0.29376495422603166+0j)
152,0.9291848015103144,-0.5951270627625759,27.50334045791932,3.022272806870868,6128283.916408071,(11494089.054442499+0j),(1.0020217094989101+0j),(0.9979836313129369+0j),(8.158890919875411e-08+0j),(3.383460749083077+0j),(0.29555537189872894+0j)
153,0.9293687567821816,-0.5965103940256518,27.51754992421411,3.0218592166883584,5718485.319607708,(11436970.639215328+0j),(1.0011973979875997+0j),(0.9988055738397585+0j),(1.3652937379288287e-07+0j),(3.36139078016281+0j),(0.29749590731952114+0j)
154,0.9295523593278469,-0.5978950908721355,27.531796479784184,3.021446225501132,6701338.349809695,(11376904.052511528+0j),(1.0015747177217977+0j),(0.9984267046354602+0j),(7.461196165601783e-08+0j),(3.337756058653615+0j),(0.29960248215484414+0j)
155,0.9297442634389518,-0.5993467301968737,27.54675629678997,3.0210143501823628,6751114.517980536,(11316601.33997371+0j),(0.9999986691222831+0.0012719669932950012j),(0.9999986691222831-0.0012719669932950012j),(-7.406184544319772e-08+0j),(3.313585877967217+0j),(0.30178786270464375+0j)
156,0.9298780645080456,-0.6003614996161971,27.55722872893528,3.0207131047965188,5626604.344188981,(11253208.688377872+0j),(0.999998742547412+0.0019017890065602266j),(0.999998742547412-0.0019017890065602266j),(1.5152022649960573e-07+0j),(3.2876939498151185+0j),(0.30416456496999494+0j)
157,0.9300329312992556,-0.6015387713396184,27.56939326847075,3.020364296346436,5604397.629679192,(11208795.259358294+0j),(0.9999993966808453+0.0013883956326416651j),(0.9999993966808453-0.0013883956326416651j),(1.0412037047905685e-07+0j),(3.269256107393665+0j),(0.3058799822193288+0j)
158,0.9301863077616612,-0.6027076306210087,27.581486773006432,3.0200187000636287,5578587.546734933,(11157175.093469776+0j),(1.0013673352719725+0j),(0.9986340012872719+0j),(1.2133684477384746e-07+0j),(3.2475153364157046+0j),(0.3079277220915967+0j)
159,0.9303467364185564,-0.6039333657380876,27.594185588332262,3.019657057252706,7821609.023493725,(11105830.23576552+0j),(1.0023640483419907+0j),(0.9976388255244912+0j),(-6.392546578308309e-08+0j),(3.225555852222973+0j),(0.3100240844723906+0j)
160,0.9305145111487808,-0.6052186830987523,27.60752003486901,3.0192786813750434,6435350.584512437,(11051894.096638195+0j),(0.9999990227092328+0.0011618824313641511j),(0.9999990227092328-0.0011618824313641511j),(7.769584476148392e-08+0j),(3.202125391572313+0j),(0.3122925799944989+0j)
161,0.9306899351683132,-0.606566413809392,27.621521953195835,3.0188828618439247,5497622.458737806,(10995244.917475522+0j),(0.9999999723298375+0.0008751798778995399j),(0.9999999723298375-0.0008751798778995399j),(2.2228042888808008e-07+0j),(3.177111022236243+0j),(0.31475135524100917+0j)
162,0.9308650512356262,-0.6079157020042074,27.635560309522432,3.0184875377003504,5467876.681570181,(10935753.36314027+0j),(1.0011515824940984+0j),(0.9988483017250068+0j),(1.8311895710961841e-07+0j),(3.150389843319111+0j),(0.31742103350182277+0j)
163,0.9310481155183572,-0.6093304632643861,27.65030138732688,3.0180740538510875,5438054.883156992,(10876109.766313892+0j),(0.9999993963361588+0.0017041793755184346j),(0.9999993963361588-0.0017041793755184346j),(1.70222740977063e-07+0j),(3.1231298924954416+0j),(0.32019161367669025+0j)
164,0.9311757715820996,-0.6103195995866901,27.66062062391792,3.01778558646156,5968918.045075615,(10813494.272206225+0j),(0.9999989366495525+0.001507911567515401j),(0.9999989366495525-0.001507911567515401j),(8.376727511152642e-08+0j),(3.09399766939385+0j),(0.3232064490196967+0j)
165,0.931323544757972,-0.6114672836907526,27.67260714343016,3.0174515214825903,5384837.645922732,(10769675.29184537+0j),(0.9999984891195867+0.0014417603160716906j),(0.9999984891195867-0.0014417603160716906j),(1.6507968033974587e-07+0j),(3.0732934480094296+0j),(0.32538383233391477+0j)
166,0.9314699158318746,-0.6126069257212369,27.68452359218789,3.017120477749673,5359398.337809727,(10718796.67561936+0j),(0.9999994848204196+0.0019497857530267502j),(0.9999994848204196-0.0019497857530267502j),(1.9606307388940553e-07+0j),(3.0489214755834224+0j),(0.3279848326722323+0j)
167,0.9316230382683492,-0.6138021911559354,27.69703640978691,3.016774004304278,5334120.955399338,(10668241.910798583+0j),(1.0015816384509295+0j),(0.9984202822411821+0j),(1.5100589281294824e-07+0j),(3.0243469232976445+0j),(0.33064989743624995+0j)
168,0.9317831955112272,-0.6150557428748296,27.71017546164203,3.016411435094863,5307595.319796094,(10615190.639592092+0j),(1.0011053300012158+0j),(0.9988971174543304+0j),(1.1951704953139514e-07+0j),(2.9981704586515576+0j),(0.333536739752202+0j)
169,0.9319506802256422,-0.6163703679218528,27.72397210993197,3.016032080130715,5279763.666925098,(10559527.3338501+0j),(0.9999984822270698+0.0019449220130864418j),(0.9999984822270698-0.0019449220130864418j),(1.6775795220978361e-07+0j),(2.9702715068182+0j),(0.3366695595687188+0j)
170,0.9321178969322836,-0.6176867186805287,27.737804566004808,3.0156531275338674,6880972.788696917,(10501135.258501433+0j),(1.00189270044296+0j),(0.9981111287472074+0j),(7.266414435199214e-08+0j),(2.9405186992904153+0j),(0.34007605537121915+0j)
171,0.9322927311236104,-0.6190671648651117,27.752329334640866,3.0152566896888144,5221327.461026496,(10442654.922052898+0j),(1.0012480952065328+0j),(0.9987529755031324+0j),(1.4581599320283534e-07+0j),(2.9102148711950857+0j),(0.3436172393653372+0j)
172,0.9324146649425316,-0.6200324431188518,27.76249708630645,3.014980067391471,5190662.453105809,(10381324.906211521+0j),(2.4985020325843105e-07+0j),(0.9999980930367733+0.002017101509229709j),(0.9999980930367733-0.002017101509229709j),(2.877879664594638+0j),(0.34747804513948477+0j)
173,0.9325558314061184,-0.6211525819343297,27.774307582512808,3.014659671416239,5169222.140984746,(10338444.281969395+0j),(0.9999984963226076+0.0015567257015821035j),(0.9999984963226076-0.0015567257015821035j),(1.0286111275177896e-07+0j),(2.8549278833915888+0j),(0.35027154479714184+0j)
174,0.9326956767611864,-0.6222650166339054,27.786048970688743,3.014342121713883,5144346.9364508,(10288693.872901503+0j),(1.001575527162664+0j),(0.9984271090105625+0j),(1.8057254671204092e-07+0j),(2.8279383084285694+0j),(0.3536145031946246+0j)
175,0.932841991998512,-0.6234319012525916,27.7983778963104,3.014009716403101,5119649.294244632,(10239298.588489167+0j),(0.9999993777366536+0.000884013559650468j),(0.9999993777366536-0.000884013559650468j),(1.9898800998977186e-07+0j),(2.8007526411189225+0j),(0.3570468827980809+0j)
176,0.9329950506791296,-0.6246558572408247,27.81132377620241,3.013661808708584,5093753.111466781,(10187506.222933464+0j),(0.9999980423967738+0.0016620770565094704j),(0.9999980423967738-0.0016620770565094704j),(1.4487662555248457e-07+0j),(2.7718230818024465+0j),(0.3607733864997416+0j)
177,0.9331551354627295,-0.625939629641911,27.82491750094224,3.0132977280418003,5066604.901416318,(10133209.802832536+0j),(0.9999993641906647+0.0005068260134450515j),(0.9999993641906647-0.0005068260134450515j),(1.6519657698123837e-07+0j),(2.7410184809358675+0j),(0.3648278940675258+0j)
178,0.9333149879752556,-0.6272252760395572,27.838546421959588,3.012933966028293,5038148.804492817,(10076297.608985536+0j),(1.0014295617827647+0j),(0.9985713347587588+0j),(1.7802798263011323e-07+0j),(2.708195379010936+0j),(0.36924957768934014+0j)
179,0.9334821480617644,-0.628573724662774,27.852857378333155,3.0125533473126827,5009673.942558622,(10019347.885117143+0j),(2.512115485770479e-07+0j),(1.0015772322794925+0j),(0.9984240970765736+0j),(2.6747900175338843+0j),(0.3738611230955566+0j)
180,0.9335987452490484,-0.6295167507712283,27.8628754009424,3.0122877192147235,39173607.22633397,(9959672.717165507+0j),(-1.2763695646181937e-08+0j),(1.0008646586814307+0j),(0.9991357527630679+0j),(2.639168615082829+0j),(0.37890720368718195+0j)
181,0.9337337492415668,-0.6306111929705186,27.874511921514028,3.011980012013304,4958988.89091843,(9917977.78183676+0j),(1.6871749118878347e-07+0j),(0.9999987327015281+0.0010778765973891626j),(0.9999987327015281-0.0010778765973891626j),(2.613895761328431+0j),(0.3825707263444219+0j)
182,0.9338675066462808,-0.6316982406276727,27.88608029329783,3.011674990431957,4934816.277647058,(9869632.555294015+0j),(1.2178865547300302e-07+0j),(0.9999999308129934+0.00043231574893512286j),(0.9999999308129934-0.00043231574893512286j),(2.5841858200920216+0j),(0.38696907638181516+0j)
183,0.934007470247245,-0.6328386372196668,27.89822748239206,3.011355648130241,4910831.884218386,(9821663.76843667+0j),(2.0103953821239576e-07+0j),(0.9999987849130876+0.0016058085654287897j),(0.9999987849130876-0.0016058085654287897j),(2.5542666055355854+0j),(0.39150181027807535+0j)
184,0.9341539042423432,-0.6340349647869322,27.91098246334776,3.011021356474677,4885699.846828948,(9771399.693657793+0j),(1.229821500192685e-07+0j),(1.0008434332759004+0j),(0.9991575876939099+0j),(2.522431419772299+0j),(0.3964428892541606+0j)
185,0.9343070818004332,-0.6352899283676305,27.92437566182764,3.0106714631576765,23029275.622529272,(9718738.064050771+0j),(2.1711494890045784e-08+0j),(0.9999980504346142+0.0013117126690606348j),(0.9999980504346142-0.0013117126690606348j),(2.48853172834595+0j),(0.40184337961592886+0j)
186,0.9344600591356668,-0.6365468973148525,27.937803461894585,3.01032181299339,4831788.925790869,(9663577.851581633+0j),(1.2142618155408513e-07+0j),(1.0011759051430484+0j),(0.9988279786372757+0j),(2.4524033359917983+0j),(0.4077632685145529+0j)
187,0.9346200533220208,-0.6378654531698977,27.95190315213433,3.009955892434951,4804208.3695944045,(9608416.739188705+0j),(1.0452692755791304e-07+0j),(1.0010442761236522+0j),(0.9989554144625956+0j),(2.4156191815044536+0j),(0.4139725365888178+0j)
188,0.9347316664484024,-0.6387876863923239,27.961773234746232,3.009700480911145,11526279.042405233,(9550654.752274971+0j),(4.337913373088563e-08+0j),(0.9999993023029019+0.0006741334369190986j),(0.9999993023029019-0.0006741334369190986j),(2.3763696289681153+0j),(0.42080995641836694+0j)
189,0.934860914243544,-0.6398581125658432,27.973237864619044,3.0094045664744424,4755159.883168688,(9510319.766337272+0j),(1.21663292300092e-07+0j),(1.0000002332329974+0.0011283466501097236j),(1.0000002332329974-0.0011283466501097236j),(2.3485015453175038+0j),(0.42580342431276136+0j)
190,0.9349889841552048,-0.6409214287546422,27.984635299904287,3.009111189902308,5789303.710798635,(9463573.128498368+0j),(8.636617199186958e-08+0j),(1.0010104262275386+0j),(0.9989878728646345+0j),(2.315712551109296+0j),(0.4318325258119702+0j)
191,0.9351230129633048,-0.642037059663298,27.99660294400037,3.0088039914399505,6920120.791364796,(9417215.147961862+0j),(7.22530740538406e-08+0j),(1.000613791538012+0j),(0.9993857903647936+0j),(2.282655471156543+0j),(0.43808626077650986+0j)
192,0.9352632559910246,-0.6432075498595261,28.00916933540917,3.008482359533064,4684331.355261744,(9368662.710523382+0j),(1.4135985239527902e-07+0j),(0.9999986560894596+0.001053613948732973j),(0.9999986560894596-0.001053613948732973j),(2.2474325177916206+0j),(0.44495218080346544+0j)
193,0.9354099774012324,-0.6444355662995709,28.02236444146132,3.0081456591022384,5005158.575905894,(9317821.927252661+0j),(9.989693481579833e-08+0j),(0.9999973573280817+0.0019822423053370997j),(0.9999973573280817-0.0019822423053370997j),(2.209859492376445+0j),(0.45251745798762455+0j)
194,0.935556527387352,-0.6456657050457207,28.03559356967237,3.007809133595964,9388900.26292448,(9264597.353222005+0j),(5.325437335557126e-08+0j),(1.0019047381897614+0j),(0.9980990186714248+0j),(2.1697277528855223+0j),(0.46088731577964637+0j)
195,0.9357098212077294,-0.646956287392557,28.049484574913773,3.0074568850931227,7488805.389125445,(9211400.1149963+0j),(6.676632306750237e-08+0j),(1.000739336547392+0j),(0.999258941851272+0j),(2.1287568214434023+0j),(0.4697577430765233+0j)
196,0.9358701407118428,-0.6483102512187011,28.064070584284305,3.0070882294209853,5463842.589872612,(9155724.83286582+0j),(9.151068900241901e-08+0j),(1.00090566952399+0j),(0.9990942766625626+0j),(2.0848943902449446+0j),(0.4796406017872754+0j)
197,0.9359819773983972,-0.6492573402932719,28.07428106185769,3.0068308988250774,4548734.3645465495,(9097468.72909299+0j),(2.3648179274761912e-07+0j),(0.9999985747407516+0.0019029358506843618j),(0.9999985747407516-0.0019029358506843618j),(2.037843811167694+0j),(0.49071474198358517+0j)
198,0.9361114806565636,-0.6503567105814777,28.08614103855499,3.006532750394947,5911640.032637562,(9056815.009672482+0j),(8.457889811280026e-08+0j),(0.9999951188073973+0.0032696213253504266j),(0.9999951188073973-0.0032696213253504266j),(2.004258203350377+0j),(0.49893771088394495+0j)
199,0.9362398001394436,-0.6514488795354098,28.097931460705013,3.0062371474156167,4504864.532613784,(9009729.065227456+0j),(2.4671382121856617e-07+0j),(0.9999991085777682+0.0013536034221151173j),(0.9999991085777682-0.0013536034221151173j),(1.9645249371320204+0j),(0.5090289164055616+0j)
200,0.9363740863960928,-0.6525948916748334,28.1103117066192,3.0059276049091483,4481531.135794615,(8963062.271589119+0j),(3.19114458678006e-07+0j),(0.9999977645058561+0.0021246833790358774j),(0.9999977645058561-0.0021246833790358774j),(1.9241966765324312+0j),(0.5196973948640755+0j)
201,0.9365145947926627,-0.6537973778739407,28.12331129172656,3.0056035044060336,4668962.437316775,(8914218.576466605+0j),(1.0709017404032762e-07+0j),(1.0013991104243527+0j),(0.9986014275782605+0j),(1.8808824002983466+0j),(0.5316653501789277+0j)
202,0.936661589519246,-0.6550590969031928,28.13696120868842,3.005264203400408,4431553.019736891,(8863106.039473668+0j),(4.2301288985132134e-07+0j),(1.0006647391921148+0j),(0.9993349896214931+0j),(1.8342229186275696+0j),(0.5451900038127536+0j)
203,0.936808408193154,-0.656323135282858,28.15064626271161,3.0049250614295846,908258104.4376904,(8809633.079120476+0j),(5.505043088049888e-10+0j),(1.002605072732112+0j),(0.9974021763297103+0j),(1.7837712618980062+0j),(0.5606099960013773+0j)
204,0.9369619785592416,-0.6576494335553709,28.16501594216008,3.0045700551326275,6054140.982077107,(8756224.944396216+0j),(8.258809986094164e-08+0j),(0.9999997752796974+0.0011136262905322189j),(0.9999997752796974-0.0011136262905322189j),(1.731475363890941+0j),(0.5775421474971592+0j)
205,0.937069120945729,-0.6585772810798812,28.17507493983489,3.004322211064374,4350184.139994001,(8700368.279987887+0j),(2.406023400255541e-07+0j),(0.9999985626229644+0.002062940167410609j),(0.9999985626229644-0.002062940167410609j),(1.6743994487801395+0j),(0.5972290547088632+0j)
206,0.9371932025513062,-0.6596544294510669,28.186758918983514,3.004035011628701,4330702.755190462,(8661405.510380808+0j),(1.428659041991669e-07+0j),(0.9999999084166337+0.0004335078495191887j),(0.9999999084166337-0.0004335078495191887j),(1.632891566728977+0j),(0.6124105362386094+0j)
207,0.937316164984342,-0.6607246423313564,28.198374326999748,3.003750219284228,174495982.87906215,(8616292.059463814+0j),(2.8653954764479295e-09+0j),(1.0026695129370409+0j),(0.9973354291536748+0j),(1.5827582255952126+0j),(0.6318084365816222+0j)
208,0.9374448611480866,-0.6618477443930136,28.210570751680763,3.003451949226656,4285798.492115206,(8571596.984230295+0j),(1.9630421843608303e-07+0j),(1.0019700161253362+0j),(0.9980349931518527+0j),(1.5304416874073312+0j),(0.6534061429639163+0j)
209,0.9375795380390264,-0.6630263323782652,28.223377262885144,3.0031395986430045,4262416.373200142,(8524832.746400166+0j),(1.318813842576816e-07+0j),(1.0008971416906993+0j),(0.9991045977775024+0j),(1.4721333056047299+0j),(0.6792863093259252+0j)
210,0.9377204513536628,-0.6642631304440181,28.236824384968333,3.002812540797796,4237957.673975817,(8475915.347951517+0j),(2.659157668444721e-07+0j),(1.0000008038856545+0.000921983456994198j),(1.0000008038856545-0.000921983456994198j),(1.4058879135614062+0j),(0.7112942577810504+0j)
211,0.9378612156230612,-0.6655023599913624,28.250306058838927,3.002485577027525,4212378.831788808,(8424757.663577497+0j),(1.7350100023201634e-07+0j),(1.001555682448374+0j),(0.9984467951073634+0j),(1.3280409486583582+0j),(0.7529888299078749+0j)
212,0.9380084742875572,-0.6668027967197503,28.26446211602149,3.002143255063962,6788402.108021198,(8373682.425754454+0j),(7.365503575711892e-08+0j),(0.9999996794555528+0.0007672089137651577j),(0.9999996794555528-0.0007672089137651577j),(1.2346052060991684+0j),(0.8099755250178903+0j)
213,0.938111225959422,-0.6677126547446305,28.27437153396961,3.0019042278504173,4160142.705259856,(8320285.410519591+0j),(4.7492816062272674e-07+0j),(0.9999983736786087+0.0018738531507643463j),(0.9999983736786087-0.0018738531507643463j),(1.0811681987240043+0j),(0.924925465973034+0j)
214,0.9382302358513814,-0.6687690245038166,28.285881727574065,3.0016272055646835,4141524.833116312,(8283049.666232502+0j),(2.2016360917291928e-07+0j),(0.9999966103342015+0.0032306022604454876j),(0.9999966103342015-0.0032306022604454876j),(0.9895120292171095+0.14445048990794257j),(0.9895120292171095-0.14445048990794257j)
215,0.9383481862805686,-0.6698187045532309,28.29732432558804,3.0013524628865214,4119974.518861341,(8239949.03772256+0j),(1.0001775144517655+0j),(0.9998234391100465+0j),(1.9406215870142e-07+0j),(0.9737258915026394+0.2277232711371489j),(0.9737258915026394-0.2277232711371489j)
216,0.9384716516390952,-0.6709203786853771,28.309339248820965,3.001064672990222,4098630.0757252793,(8197260.151450437+0j),(1.4446483340966814e-07+0j),(1.0008285792411173+0j),(0.9991701608924289+0j),(0.9579646577331651+0.28688623970866417j),(0.9579646577331651-0.28688623970866417j)
217,0.9386008709893467,-0.6720766113683759,28.321955127807488,3.000763247771268,4076304.366309961,(8152608.7326198+0j),(0.9999995066282663+0.0011277682033737817j),(0.9999995066282663-0.0011277682033737817j),(1.7926904922949437e-07+0j),(0.9413438765194889+0.3374488200294688j),(0.9413438765194889-0.3374488200294688j)
218,0.938736091967834,-0.6732900940083759,28.335202025190537,3.0004475753220543,4052957.361921308,(8105914.723842492+0j),(0.9999974896795207+0.0028013218852562787j),(0.9999974896795207-0.0028013218852562787j),(5.35141131412665e-07+0j),(0.9238150252446238+0.3828391295731173j),(0.9238150252446238-0.3828391295731173j)
219,0.9388711882494724,-0.674506109622921,28.348482902114068,3.000131937960808,4028549.0896635535,(8057098.179326985+0j),(1.001135588607949+0j),(0.9988656052014737+0j),(1.5919583133057162e-07+0j),(0.9053268844386888+0.42471547218408073j),(0.9053268844386888-0.42471547218408073j)
220,0.9390125370584438,-0.6757823437993826,28.36242805625667,2.999801414646224,4004187.686820705,(8008375.373641284+0j),(1.001792123527797+0j),(0.998210806277152+0j),(1.6475524734611166e-07+0j),(0.8867086801093454+0.46232858079373085j),(0.8867086801093454-0.46232858079373085j)
221,0.9391111769592188,-0.6766753641992007,28.37218980204625,2.999570589556744,9393249.889536647,(7957452.74210999+0j),(1.0012450063070097+0j),(0.9987536182324058+0j),(-5.322971345167369e-08+0j),(0.8670726954153212+0.4981816344118144j),(0.8670726954153212-0.4981816344118144j)
222,0.93922543673137,-0.6777122836540032,28.38352842998628,2.999303035772049,3960976.19868068,(7921952.397361234+0j),(1.9919681050099596e-07+0j),(1.0012308069048603+0j),(0.9987683540061371+0j),(0.8532759744272165+0.5214595971552287j),(0.8532759744272165-0.5214595971552287j)
223,0.9393386923161632,-0.6787427412219017,28.394800429209475,2.9990376439604822,3940434.320713981,(7880868.641427835+0j),(1.6463816578734601e-07+0j),(0.9999998451767969+0.001502114472718865j),(0.9999998451767969-0.001502114472718865j),(0.8371988995750006+0.5468985303970182j),(0.8371988995750006-0.5468985303970182j)
224,0.939457257185492,-0.6798243525418886,28.40663617742382,2.998759606520551,3920093.7187822326,(7840187.437564338+0j),(0.9999964936340124+0.0030304180675666584j),(0.9999964936340124-0.0030304180675666584j),(3.8999722017365493e-07+0j),(0.8211626407024655+0.5706942417044127j),(0.8211626407024655-0.5706942417044127j)
225,0.9395813628763984,-0.6809596515869619,28.419063871999644,2.9984683491665294,3898823.585794927,(7797647.171589725+0j),(1.0000000015414099+0.0013260450159876314j),(1.0000000015414099-0.0013260450159876314j),(2.912949403078771e-07+0j),(0.8042683730188483+0.5942662569603j),(0.8042683730188483-0.5942662569603j)
226,0.9397112493730734,-0.6821512988020555,28.432113120365024,2.9981632739323247,6018905.753242593,(7753172.011751888+0j),(1.0025832851129155+0j),(0.9974215852993943+0j),(8.30715782068254e-08+0j),(0.7864692808363283+0.6176293955931862j),(0.7864692808363283-0.6176293955931862j)
227,0.9398410331543224,-0.6833455713181966,28.44519578813353,2.997858180112284,3853342.541393854,(7706685.082787579+0j),(1.9504868076225534e-07+0j),(1.0016965211231759+0j),(0.9983036214074319+0j),(0.7677161143687802+0.6407901120792343j),(0.7677161143687802-0.6407901120792343j)
228,0.939976841872945,-0.6845991335631488,28.45893276229415,2.9975386412418263,3830149.940462459,(7660299.880924787+0j),(1.0000000616473956+0.001780342057218748j),(1.0000000616473956-0.001780342057218748j),(1.6849345575164903e-07+0j),(0.7488515310633843+0.6627377946247316j),(0.7488515310633843-0.6627377946247316j)
229,0.940071626727249,-0.6854763794896948,28.468548745587974,2.997315453045148,3805916.574826406,(7611833.14965268+0j),(1.6209522901058776e-07+0j),(1.0011177037772399+0j),(0.998881801539091+0j),(0.7289777470337222+0.6845373943983182j),(0.7289777470337222-0.6845373943983182j)
230,0.940181432408432,-0.6864950750521024,28.47971802957717,2.997056716059078,3789025.812419178,(7578051.624838224+0j),(0.9999984876474199+0.00030674023160297726j),(0.9999984876474199-0.00030674023160297726j),(1.3966528855139072e-07+0j),(0.7150273475280533+0.6990964828169355j),(0.7150273475280533-0.6990964828169355j)
231,0.9402902851496768,-0.6875075204084048,28.490821642416726,2.99680003234756,3769482.344922878,(7538964.689845623+0j),(0.999998945911557+0.0013623345779153135j),(0.999998945911557-0.0013623345779153135j),(2.522248439114104e-07+0j),(0.6987850214761215+0.7153317368610262j),(0.6987850214761215-0.7153317368610262j)
232,0.9404042537006132,-0.6885703302358626,28.50248054263537,2.996531077880507,15466341.4054123,(7500269.003170004+0j),(1.000751690523314+0j),(0.9992483044319778+0j),(3.232826606459303e-08+0j),(0.6825986354712209+0.7307934748291318j),(0.6825986354712209-0.7307934748291318j)
233,0.9405235624566104,-0.6896860097156055,28.514722500513564,2.996249291355468,11063338.053791,(7459810.968523027+0j),(0.9999970339911817+0.0029694079014812875j),(0.9999970339911817-0.0029694079014812875j),(4.5194316359940684e-08+0j),(0.6655619665674386+0.7463425946968965j),(0.6655619665674386-0.7463425946968965j)
234,0.9406484441328536,-0.6908571900496776,28.52757667466881,2.995954087913774,10706525.819540966,(7417522.450696321+0j),(0.9999995190786127+0.0009170230821038625j),(0.9999995190786127-0.0009170230821038625j),(4.670048981598012e-08+0j),(0.6476301841441718+0.7619548179422342j),(0.6476301841441718-0.7619548179422342j)
235,0.9407732429629464,-0.6920310800925612,28.540463719414205,2.9956588169454936,3686665.048602796,(7373330.097205456+0j),(0.9999967977779569+0.002924809919892278j),(0.9999967977779569-0.002924809919892278j),(2.2325196272274025e-07+0j),(0.6287563026271228+0.7776024124876895j),(0.6287563026271228-0.7776024124876895j)
236,0.940903852368697,-0.6932633869293691,28.553995234079963,2.995349512814132,7527365.415857057,(7329244.481666803+0j),(1.002552572699614+0j),(0.9974517042281836+0j),(6.642430284395497e-08+0j),(0.6097898824074441+0.792563120081629j),(0.6097898824074441-0.792563120081629j)
237,0.9410405220818184,-0.6945570238041128,28.568203446412067,2.995025540238369,33100775.247771017,(7283188.377909012+0j),(0.9999981236350075+0.0016260312095521846j),(0.9999981236350075-0.0016260312095521846j),(-1.5105386392231698e-08+0j),(0.5898299053400398+0.8075275120802808j),(0.5898299053400398-0.8075275120802808j)
238,0.9411359061167276,-0.6954624075137374,28.578149264938386,2.9947992402915165,4517684.592248374,(7235090.3007462025+0j),(0.9999981848126565+0.0020016854917054012j),(0.9999981848126565-0.0020016854917054012j),(1.1067616381584637e-07+0j),(0.5688251013664971+0.822458512057245j),(0.5688251013664971-0.822458512057245j)
239,0.9412464042103452,-0.6965138752355676,28.58970162711795,2.9945368802046084,3600790.1998308687,(7201580.399661599+0j),(2.9064715431151254e-07+0j),(0.9999978693366507+0.002505284461438344j),(0.9999978693366507-0.002505284461438344j),(0.5540949360681247+0.8324534832791961j),(0.5540949360681247-0.8324534832791961j)
240,0.9413559415886896,-0.6975589961266013,28.601186026810712,2.9942765851304,3581411.225138371,(7162822.450276602+0j),(1.7788181216893406e-07+0j),(1.0007263598376117+0j),(0.9992703512796689+0j),(0.5369595217222446+0.8436080085157038j),(0.5369595217222446-0.8436080085157038j)
241,0.9414706251350904,-0.6986562198722659,28.613244714791616,2.994003828095562,3562234.1602032897,(7124468.320406439+0j),(3.52673008800547e-07+0j),(1.000000289139946+9.409771541600427e-05j),(1.000000289139946-9.409771541600427e-05j),(0.5198990284856677+0.8542277215003372j),(0.5198990284856677-0.8542277215003372j)
242,0.9415906804727032,-0.6998081506669036,28.62590640697264,2.9937180367628407,3542192.254989911,(7084384.50997968+0j),(3.1967212050295733e-07+0j),(0.999999937898217+0.0008141538125932491j),(0.999999937898217-0.0008141538125932491j),(0.5019595815304443+0.8648910789861336j),(0.5019595815304443-0.8648910789861336j)
243,0.9417163415922818,-0.701017525143553,28.63920125435124,2.9934186144750736,33104004.70702657,(7042504.963604366+0j),(1.510391278713996e-08+0j),(1.001761707539612+0j),(0.9982446498995724+0j),(0.4830968142882355+0.8755669409157444j),(0.4830968142882355-0.8755669409157444j)
244,0.9418419173880256,-0.7022298423170782,28.65253004550049,2.993119099248396,3499380.0859850007,(6998760.171969859+0j),(2.605720257342625e-07+0j),(1.0014800093429896+0j),(0.998522474136797+0j),(0.4632644765136159+0.8862200769563774j),(0.4632644765136159-0.8862200769563774j)
245,0.9419733379412596,-0.703502645755055,28.66652533961133,2.992805322318159,3477570.1986527285,(6955140.3973053135+0j),(2.6350737414304604e-07+0j),(1.0022635810180123+0j),(0.9977396109008707+0j),(0.4433572174567578+0.8963450104334816j),(0.4433572174567578-0.8963450104334816j)
246,0.9420650694302052,-0.7043935404432221,28.67632207992981,2.9925861092531005,3454796.682183797,(6909593.36436745+0j),(0.9999958315322377+0.002848878458505297j),(0.9999958315322377-0.002848878458505297j),(1.7917569128109345e-07+0j),(0.4224314633102306+0.9063948691412477j),(0.4224314633102306-0.9063948691412477j)
247,0.9421713474619304,-0.7054282759057408,28.68770124792856,2.99233192930756,3438933.380503706,(6877866.761007268+0j),(0.9999979161199942+0.002477114282909371j),(0.9999979161199942-0.002477114282909371j),(2.1234534760321608e-07+0j),(0.40777109543443424+0.9130841876454839j),(0.40777109543443424-0.9130841876454839j)
248,0.9422767134001968,-0.7064568659842536,28.699013434732763,2.9920797117349105,3420588.1414735573,(6841176.282946968+0j),(1.0000007311988819+0.00119589291258226j),(1.0000007311988819-0.00119589291258226j),(2.253885190689496e-07+0j),(0.39073172873901674+0.9205045986613174j),(0.39073172873901674-0.9205045986613174j)
249,0.9423870422739726,-0.7075368422565502,28.71089125795168,2.991815377992485,3458750.259930354,(6804872.431458317+0j),(0.9999996602553303+0.000951132139168777j),(0.9999996602553303-0.000951132139168777j),(1.4456088541358824e-07+0j),(0.3737826932958098+0.9275163061599164j),(0.3737826932958098-0.9275163061599164j)
250,0.9425025529527752,-0.7086707837271096,28.7233629969286,2.991538367488768,5699705.0399737,(6766937.06710187+0j),(0.999998258391269+0.0021555667065939906j),(0.999998258391269-0.0021555667065939906j),(8.772383772376947e-08+0j),(0.35597743929753256+0.9344945493212742j),(0.35597743929753256-0.9344945493212742j)
251,0.9426234725548284,-0.7098614015832543,28.736458343889804,2.991248095391586,33527698.84453259,(6727308.566892924+0j),(1.003154105959395+0j),(0.9968531128407835+0j),(1.4913042565745183e-08+0j),(0.3372745187217125+0.9414063410775544j),(0.3372745187217125-0.9414063410775544j)
252,0.942744325755821,-0.711055049512263,28.749587075594462,2.990957682514214,3342960.077042707,(6685920.154085264+0j),(0.9999975294114811+0.002884746529448145j),(0.9999975294114811-0.002884746529448145j),(2.2835435209815604e-07+0j),(0.3176309339697505+0.948214421840075j),(0.3176309339697505-0.948214421840075j)
253,0.9428708207433965,-0.7123083950956144,28.763372253016644,2.990653386915339,3322328.8020861587,(6644657.604172166+0j),(1.6922968182342402e-07+0j),(1.0022963109925367+0j),(0.9977090533995454+0j),(0.2979344328542388+0.9545863364409888j),(0.2979344328542388-0.9545863364409888j)
254,0.9429591244074328,-0.7131857571296372,28.773021878750704,2.990440764677734,3300788.8524685125,(6601577.704936873+0j),(0.9999978054349425+0.002077231555385599j),(0.9999978054349425-0.002077231555385599j),(1.5987909993716198e-07+0j),(0.27725319724918207+0.9607968904066682j),(0.27725319724918207-0.9607968904066682j)
255,0.9430614415563284,-0.7142048644898369,28.78423013596529,2.9901941927574724,7428202.862151117,(6571572.862815389+0j),(0.9999968389487579+0.0029947090320894933j),(0.9999968389487579-0.0029947090320894933j),(6.731103192505009e-08+0j),(0.262778158896979+0.9648562790419657j),(0.262778158896979-0.9648562790419657j)
256,0.9431628917632456,-0.715218014361918,28.795372382563468,2.9899494882305566,9798083.39794512,(6536877.60246261+0j),(5.1030388259898116e-08+0j),(0.9999979675398376+0.0024156060078144178j),(0.9999979675398376-0.0024156060078144178j),(0.24596870981444102+0.9692777691622864j),(0.24596870981444102-0.9692777691622864j)
257,0.9432691323900332,-0.7162818808160686,28.80707173022605,2.9896929896655866,3251276.4627192304,(6502552.925438307+0j),(2.263267833146898e-07+0j),(1.0024965970637274+0j),(0.9975065853688228+0j),(0.22926385384203396+0.9733643127429258j),(0.22926385384203396-0.9733643127429258j)
258,0.9433803758961856,-0.7173990193451523,28.8193560278005,2.989424147455409,72894715.15524001,(6466689.046125872+0j),(1.0021688245309097+0j),(0.9978326510758344+0j),(6.8592078168516945e-09+0j),(0.21173175741648617+0.9773278175215029j),(0.21173175741648617-0.9773278175215029j)
259,0.9434968428713676,-0.7185721173970097,28.83225451513674,2.989142387829823,3214613.912395231,(6429227.824790306+0j),(3.5196398935416417e-07+0j),(0.9999990892559099+0.0019849313556615255j),(0.9999990892559099-0.0019849313556615255j),(0.1933341482110148+0.9811329711795065j),(0.1933341482110148-0.9811329711795065j)
260,0.9436132605885136,-0.7197483270232158,28.84518583835593,2.988860443499343,3195054.7836798904,(6390109.567359624+0j),(0.9999988977850963+0.00157165132573937j),(0.9999988977850963-0.00157165132573937j),(2.9665825544355805e-07+0j),(0.1740315310999072+0.9847400805202501j),(0.1740315310999072-0.9847400805202501j)
261,0.9437351287919686,-0.7209834976359013,28.85876368623696,2.9885649696495924,3175556.616338777,(6351113.232677396+0j),(0.9999982297233234+0.0013493086799428124j),(0.9999982297233234-0.0013493086799428124j),(1.862211500768504e-07+0j),(0.15469784749525373+0.9879618292122104j),(0.15469784749525373-0.9879618292122104j)
262,0.9438202121561372,-0.7218482192470312,28.86826815057088,2.9883584801004512,3155202.9800951155,(6310405.960190073+0j),(0.9999990588855735+0.0016915638597957078j),(0.9999990588855735-0.0016915638597957078j),(2.0505777491589438e-07+0j),(0.13442017341764562+0.9909244254625926j),(0.13442017341764562-0.9909244254625926j)
263,0.9439051117655508,-0.7227130328089431,28.87777258801278,2.98815226943827,3754374.579070445,(6253825.583091589+0j),(0.9999983665147575+0.0018463768265099016j),(0.9999983665147575-0.0018463768265099016j),(1.3317797397930525e-07+0j),(0.10607682434768399+0.9943579372320146j),(0.10607682434768399-0.9943579372320146j)
264,0.9439932133937686,-0.7236125437974236,28.88765717167577,2.9879381034909174,3112296.4268400045,(6224592.853679849+0j),(0.9999995613061454+0.0017305481044971184j),(0.9999995613061454-0.0017305481044971184j),(2.766751888568779e-07+0j),(0.0913619550644183+0.9958177509799726j),(0.0913619550644183-0.9958177509799726j)
265,0.9440846303576176,-0.7245481568365854,28.89793710182141,2.987715684971663,3097162.799046597,(6194325.598093033+0j),(0.999986146219586+0.005416975268578707j),(0.999986146219586-0.005416975268578707j),(2.605571624908933e-07+0j),(0.07607752444010546+0.9971019056621411j),(0.07607752444010546-0.9971019056621411j)
266,0.9441794794296337,-0.7255213351340183,28.908628185880914,2.9874847060422582,17752005.732877668,(6162999.395378603+0j),(1.0010095770714833+0j),(0.998990834398622+0j),(-2.816583137273179e-08+0j),(0.060203871407748855+0.9981861018204566j),(0.060203871407748855-0.9981861018204566j)
267,0.9442726494206246,-0.7264797182831058,28.91915504441272,2.987257605821372,3066149.737775204,(6132299.475550244+0j),(1.0015731386306956+0j),(0.9984272037500781+0j),(2.6352103827149833e-07+0j),(0.04459768389827107+0.9990050283111253j),(0.04459768389827107-0.9990050283111253j)
268,0.9443693132797912,-0.7274766042980073,28.93010292446897,2.987021767024596,3050263.1177742435,(6100526.235548323+0j),(1.0000009339803408+0.0012234201692070152j),(1.0000009339803408-0.0012234201692070152j),(2.661647661935184e-07+0j),(0.028393934925317495+0.9995968109490307j),(0.028393934925317495-0.9995968109490307j)
269,0.9444695931748828,-0.7285135581358089,28.941488658444715,2.986776864257631,3549361.727128158,(6067649.238829114+0j),(1.0032661678543997+0j),(0.9967390613225088+0j),(1.4087039824046546e-07+0j),(0.011572835171988373+0.9999330325007154j),(0.011572835171988373-0.9999330325007154j)
270,0.9445736148952456,-0.7295922107975437,28.953329750810223,2.986522560585636,3016818.5386008304,(6033637.077201495+0j),(1.0018727999824795+0j),(0.9981303741895785+0j),(3.1046348512259984e-07+0j),(-0.0058856075942551635+0.9999826796616208j),(-0.0058856075942551635-0.9999826796616208j)
271,0.944681507913509,-0.7307142624332794,28.96564440482581,2.9862585071313807,17403860.52595692,(5998459.278116982+0j),(1.0000015849686616+0.0008870928034302488j),(1.0000015849686616-0.0008870928034302488j),(2.8729258043310407e-08+0j),(-0.02400151992365802+0.9997119220262145j),(-0.02400151992365802-0.9997119220262145j)
272,0.944756141397596,-0.7314923774111072,28.97418251291188,2.986075680071724,2987092.710246742,(5974185.420493316+0j),(0.9999990444691231+0.0016878541250717593j),(0.9999990444691231-0.0016878541250717593j),(1.8824238898132563e-07+0j),(-0.03653605752941497+0.9993323353620692j),(-0.03653605752941497-0.9993323353620692j)
273,0.9448379621369768,-0.7323472694935502,28.98356130633527,2.9858750837766985,3626280.85628877,(5947631.755658735+0j),(1.0027943528885734+0j),(0.9972097941395677+0j),(1.3788231519158238e-07+0j),(-0.05027928311094566+0.9987351969815856j),(-0.05027928311094566-0.9987351969815856j)
274,0.9449228768598016,-0.7332365386825472,28.99331519154341,2.9856667204983856,2960068.477090672,(5920136.954181176+0j),(1.0000008887935778+0.0005435233402228646j),(1.0000008887935778-0.0005435233402228646j),(2.25869575538826e-07+0j),(-0.06454261261379501+0.9979149518656398j),(-0.06454261261379501-0.9979149518656398j)
275,0.9450109957102,-0.7341615828595227,29.00345916433356,2.985450297691756,3625748.875214166,(5891672.602091692+0j),(0.9999915335336375+0.0038800338166053235j),(0.9999915335336375-0.0038800338166053235j),(1.3790254571077415e-07+0j),(-0.07934302882026432+0.9968473723582941j),(-0.07934302882026432-0.9968473723582941j)
276,0.945102432244852,-0.7351238586973791,29.01400881931144,2.985225512241658,2931106.9243742577,(5862213.848748345+0j),(0.9999999117090547+0.00039289687502477573j),(0.9999999117090547-0.00039289687502477573j),(2.2462520105341835e-07+0j),(-0.09469770967953506+0.9955060742062098j),(-0.09469770967953506-0.9955060742062098j)
277,0.9451922594423792,-0.7360715954417515,29.02439638738296,2.985004468675834,6450907.302987237,(5833347.60150516+0j),(1.0013302470192715+0j),(0.9986730358021119+0j),(7.750847694997366e-08+0j),(-0.10977736068641218+0.9939562017919706j),(-0.10977736068641218-0.9939562017919706j)
278,0.9452854649446404,-0.7370575022855197,29.03519937041821,2.984774885095831,8301145.961824868,(5803473.978205465+0j),(0.9999963887437466+0.002340621339008793j),(0.9999963887437466-0.002340621339008793j),(6.023264767291059e-08+0j),(-0.12541715641411666+0.9921040957868215j),(-0.12541715641411666-0.9921040957868215j)
279,0.945382167665336,-0.7380831382540396,29.04643437375773,2.984536440705301,2886283.0169002777,(5772566.033800382+0j),(0.9999965331347251+0.0022163753855617627j),(0.9999965331347251-0.0022163753855617627j),(1.7405597120859789e-07+0j),(-0.14163405952640076+0.9899190841589367j),(-0.14163405952640076-0.9899190841589367j)
280,0.9454824901081544,-0.739150128760673,29.058118665510776,2.9842888031035035,2870297.4160819934,(5740594.832163813+0j),(1.0011714643370433+0j),(0.9988294830365452+0j),(3.2501307196840466e-07+0j),(-0.15844501312295745+0.9873678027039653j),(-0.15844501312295745-0.9873678027039653j)
281,0.9455865584337336,-0.7402601687714323,29.07027020287946,2.984031627863441,2853765.185756965,(5707530.371513756+0j),(0.9999993801695264+0.002652398059634941j),(0.9999993801695264-0.002652398059634941j),(3.019170741318139e-07+0j),(-0.17586685293522286+0.9844139627406098j),(-0.17586685293522286-0.9844139627406098j)
282,0.9456585535547304,-0.7410300255874388,29.07869519044589,2.9838535372295154,3028357.4070724347,(5684717.192375496+0j),(1.00000071608922+0.0016643798470854397j),(1.00000071608922-0.0016643798470854397j),(1.651060072474643e-07+0j),(-0.18790779302249438+0.9821866733576741j),(-0.18790779302249438-0.9821866733576741j)
283,0.94573748873803,-0.7418759121905807,29.087949699715143,2.983658113234137,2829881.0770222778,(5659762.154044379+0j),(0.9999998620366609+0.0012920287458144648j),(0.9999998620366609-0.0012920287458144648j),(3.1293132500223386e-07+0j),(-0.20109713923219105+0.9795713044963154j),(-0.20109713923219105-0.9795713044963154j)
284,0.9458194164124716,-0.742755888698878,29.097574301890138,2.983455095387405,6370429.606376697,(5633925.08248275+0j),(0.999999507200745+0.0022229535824676203j),(0.999999507200745-0.0022229535824676203j),(7.84876422619145e-08+0j),(-0.21477147366563915+0.9766643303098018j),(-0.21477147366563915-0.9766643303098018j)
285,0.945904443722896,-0.7436713473326969,29.107583790596266,2.983244195462633,3836153.079827991,(5607179.619995452+0j),(0.999996206739945+0.0023989168089734348j),(0.999996206739945-0.0023989168089734348j),(1.3033890712787404e-07+0j),(-0.22894532368944454+0.9734392835512381j),(-0.22894532368944454-0.9734392835512381j)
286,0.9459926811842748,-0.7446237393403545,29.11799355000073,2.983025114639972,3250687.123548001,(5579500.9651427865+0j),(1.002578527569549+0j),(0.997428743915574+0j),(1.5381363416306914e-07+0j),(-0.2436332251046195+0.9698674402335162j),(-0.2436332251046195-0.9698674402335162j)
287,0.9460793744170266,-0.7455618287092224,29.128243338843436,2.9828096492413194,2776190.23266516,(5552380.465330141+0j),(1.0019066420885958+0j),(0.998091405661349+0j),(3.05410485735533e-07+0j),(-0.25804125329223104+0.9661338994152755j),(-0.25804125329223104-0.9661338994152755j)
288,0.946169337326016,-0.7465377912596898,29.138902997848977,2.982585826231851,2762158.718830128,(5524317.437660076+0j),(1.0032130044034238+0j),(0.9967931348095354+0j),(-1.8195576766937996e-07+0j),(-0.27296670157290576+0.9620234819547788j),(-0.27296670157290576-0.9620234819547788j)
289,0.9462626857440626,-0.7475531812418705,29.149988907847984,2.982353328981584,2747641.654611587,(5495283.3092229925+0j),(0.9999985075316711+0.001892867058518062j),(0.9999985075316711-0.001892867058518062j),(3.2209776316995334e-07+0j),(-0.288423535274656+0.9575029317446847j),(-0.288423535274656-0.9575029317446847j)
290,0.946359539062104,-0.7486096196682182,29.16151810323731,2.982111829189266,8277518.910114296,(5465252.874316329+0j),(1.0010692598853108+0j),(0.998928573500831+0j),(6.04045735720461e-08+0j),(-0.3044254904454734+0.9525361519475433j),(-0.3044254904454734-0.9525361519475433j)
291,0.946460020300995,-0.7497087975384691,29.17350829791732,2.9818609864411263,2717099.2242093887,(5434198.448418593+0j),(0.9999978354278548+0.0023669636080294325j),(0.9999978354278548-0.0023669636080294325j),(2.1124537569531671e-07+0j),(-0.3209859554566492+0.94708395425093j),(-0.3209859554566492-0.94708395425093j)
292,0.9465642561824328,-0.7508524792626584,29.185977912240325,2.981600447747172,3374076.1198973954,(5402093.527567685+0j),(0.9999995352592579+0.0014057853110124117j),(0.9999995352592579-0.0014057853110124117j),(1.481887136604422e-07+0j),(-0.3381178560309278+0.9411037750604595j),(-0.3381178560309278-0.9411037750604595j)
293,0.946636368947237,-0.7516457617446712,29.194623395628447,2.9814200069207244,11341430.402147792,(5379948.265334139+0j),(1.0010597618966184+0j),(0.9989403156956046+0j),(4.408614983038763e-08+0j),(-0.3499399928586061+0.9367721181792892j),(-0.3499399928586061-0.9367721181792892j)
294,0.9467154347744536,-0.7525174765693522,29.20412007694618,2.981221983977296,2677864.849881424,(5355729.699762661+0j),(0.9999986812960013+0.001860458731646747j),(0.9999986812960013-0.001860458731646747j),(2.559396549296926e-07+0j),(-0.3628720709121803+0.9318389668563442j),(-0.3628720709121803-0.9318389668563442j)
295,0.946797499918024,-0.7534244216782834,29.21399649804521,2.9810162438101555,6665306.153895657,(5330661.209480286+0j),(0.9999947208299746+0.002207933653713296j),(0.9999947208299746-0.002207933653713296j),(-7.501530889286592e-08+0j),(-0.37625991262017167+0.9265141543198624j),(-0.37625991262017167-0.9265141543198624j)
296,0.9468826719572172,-0.7543680445716378,29.22426783478108,2.9808024914863034,2652359.792892553,(5304719.585784918+0j),(0.9999990620113368+0.002087219378015298j),(0.9999990620113368-0.002087219378015298j),(2.3692918604916526e-07+0j),(-0.39011517206585433+0.9207660682953257j),(-0.39011517206585433-0.9207660682953257j)
297,0.9469663619376772,-0.7552975840342854,29.23438129441988,2.980592235396016,2639651.0913856034,(5279302.182771018+0j),(0.999987343786831+0.005340863003712926j),(0.999987343786831-0.005340863003712926j),(2.408293809813174e-07+0j),(-0.4036882259844953+0.9148966150344497j),(-0.4036882259844953-0.9148966150344497j)
298,0.9470580947774452,-0.7563191307380135,29.24549044512377,2.980361516600849,5563562.591306053,(5251530.403310508+0j),(0.9999979702473656+0.0016491399454578205j),(0.9999979702473656-0.0016491399454578205j),(8.987047270418655e-08+0j),(-0.41851650600464646+0.908209190771409j),(-0.41851650600464646-0.908209190771409j)
299,0.9471482175473076,-0.7573254887040993,29.25642881982943,2.980134583728536,18183255.39411515,(5224332.077751366+0j),(0.9999943328479182+0.003327222689836276j),(0.9999943328479182-0.003327222689836276j),(-2.7497826388217646e-08+0j),(-0.433031918437104+0.9013785872843219j),(-0.433031918437104-0.9013785872843219j)
300,0.9472417345456124,-0.7583726382838637,29.267804538535653,2.979898825221241,2598101.526216445,(5196203.052432697+0j),(1.0005028289161066+0j),(0.9994990613889991+0j),(5.062276475976055e-07+0j),(-0.4480361411158498+0.8940154451987992j),(-0.4480361411158498-0.8940154451987992j)
301,0.9473387657486734,-0.7594622686219114,29.279635074203007,2.9796539042232317,1405860299.9911876,(5167116.45349903+0j),(1.0035623539587502+0j),(0.9964435664280992+0j),(3.55654114425974e-10+0j),(-0.4635388180139023+0.8860766130500612j),(-0.4635388180139023-0.8860766130500612j)
302,0.9474394348112236,-0.7605961428803357,29.291938596330777,2.9793994711808827,2568523.595370851,(5137047.190741507+0j),(1.0016309363994806+0j),(0.9983692422523539+0j),(3.167651661712606e-07+0j),(-0.47954886624832627+0.8775151764385282j),(-0.47954886624832627-0.8775151764385282j)
303,0.947509087210988,-0.7613826984633624,29.3004688944119,2.9792232320288656,2558153.807470064,(5116307.614939932+0j),(1.001288436260556+0j),(0.9987117837798883+0j),(2.4761500007059523e-07+0j),(-0.49058018954210214+0.8713960509600955j),(-0.49058018954210214-0.8713960509600955j)
304,0.9475854622630324,-0.7622470928010622,29.309839021792246,2.979029794798396,2546813.560893825,(5093627.121787453+0j),(0.9999948870621678+0.0031984276601301907j),(0.9999948870621678-0.0031984276601301907j),(2.9926989073609e-07+0j),(-0.5026313367955946+0.8645008613477912j),(-0.5026313367955946-0.8645008613477912j)
305,0.9476647421090524,-0.7631465009686945,29.31958379737048,2.978828790903165,2535076.553000056,(5070153.105999915+0j),(0.9999974586873646+0.0020779352373861562j),(0.9999974586873646-0.0020779352373861562j),(2.3376432264830515e-07+0j),(-0.5150894337937684+0.85713643907724j),(-0.5150894337937684-0.85713643907724j)
306,0.9477470315469402,-0.7640823679927435,29.329718190911432,2.9786199288739894,2522930.044828928,(5045860.089657657+0j),(0.9999841965620928+0.005661508872968081j),(0.9999841965620928-0.005661508872968081j),(4.952115637635133e-07+0j),(-0.527963091493155+0.8492673159971413j),(-0.527963091493155-0.8492673159971413j)
307,0.947832438741124,-0.7650562014539517,29.34025776921341,2.97840290615474,6974002.308620439,(5020729.554228593+0j),(0.9999975452902702+0.001342554037774681j),(0.9999975452902702-0.001342554037774681j),(7.169484291422753e-08+0j),(-0.5412604591282049+0.8408549906995385j),(-0.5412604591282049-0.8408549906995385j)
308,0.9479163621819292,-0.7660156199378975,29.350635301068397,2.978189406097914,2498057.080214078,(4996114.160427956+0j),(1.0000000914366272+0.00296019449757818j),(1.0000000914366272-0.00296019449757818j),(3.6889384459075994e-07+0j),(-0.554260961222764+0.8323429502701524j),(-0.554260961222764-0.8323429502701524j)
309,0.9480034623672066,-0.7670139942150775,29.36142772565383,2.977967562583681,2485325.523935836,(4970651.04787147+0j),(1.0030470811520356+0j),(0.9969600887729038+0j),(3.8752473903228276e-07+0j),(-0.5676820523667327+0.8232478894116141j),(-0.5676820523667327-0.8232478894116141j)
310,0.9480938528188032,-0.768052941803869,29.37265161699989,2.97773705418757,4052493.318513188,(4944316.386386704+0j),(1.0032015638793517+0j),(0.9968041095982219+0j),(-1.2338083266314965e-07+0j),(-0.5815303409337438+0.8135247154041967j),(-0.5815303409337438-0.8135247154041967j)
311,0.9481876506332828,-0.769134151319234,29.384324209716507,2.9774975471677267,22377232.70737085,(4917087.413704952+0j),(1.00091251637971+0j),(0.9990930339447677+0j),(2.2344139087193965e-08+0j),(-0.5958116016519064+0.8031242340615686j),(-0.5958116016519064-0.8031242340615686j)
312,0.9482849765626876,-0.7702593860435395,29.39646342513989,2.9772486949578627,6035178.910217504,(4888940.020647803+0j),(0.9999965605051009+0.0029084071500028257j),(0.9999965605051009-0.0029084071500028257j),(8.284758537207701e-08+0j),(-0.6105306138696123+0.7919926574962591j),(-0.6105306138696123-0.7919926574962591j)
313,0.9483523227192678,-0.771040022229263,29.404879776300323,2.977076295540636,2523732.121656869,(4869528.261807917+0j),(1.0032947200258535+0j),(0.9967182811732876+0j),(1.9811928362339896e-07+0j),(-0.620654424166152+0.7840842338441554j),(-0.620654424166152-0.7840842338441554j)
314,0.9484261753877792,-0.7718979809916635,29.414124710476795,2.976887048253824,2424149.8743542847,(4848299.748708364+0j),(1.0018083591071738+0j),(0.9981982756029947+0j),(2.9623415667854744e-07+0j),(-0.6316970217796962+0.7752153717997646j),(-0.6316970217796962-0.7752153717997646j)
315,0.9485028440631406,-0.7727907702230598,29.423739256125803,2.976690371024449,2627229.4856560784,(4826328.460064139+0j),(0.9999983965218693+0.0023582732041724026j),(0.9999983965218693-0.0023582732041724026j),(1.903145510241397e-07+0j),(-0.6430932895052872+0.7657878433308171j),(-0.6430932895052872-0.7657878433308171j)
316,0.9485824309167185,-0.7737198336499816,29.43373817912747,2.976485975437917,3096710.846182612,(4803592.556490274+0j),(0.9999872475040421+0.0055201159128468605j),(0.9999872475040421-0.0055201159128468605j),(1.6146163617968234e-07+0j),(-0.6548486890726873+0.7557600111277206j),(-0.6548486890726873-0.7557600111277206j)
317,0.9486650414493945,-0.7746866779963232,29.444136834034047,2.9762735619295744,2390037.1186986943,(4780074.237397179+0j),(1.003303354439775+0j),(0.9967072707254508+0j),(2.5908392728051526e-07+0j),(-0.6669680098965939+0.7450863532333417j),(-0.6669680098965939-0.7450863532333417j)
318,0.9487462250781518,-0.7756393009925663,29.454375572630305,2.9760645646645725,2378518.7524058484,(4757037.504811486+0j),(0.9999981768583504+0.0014813861285298724j),(0.9999981768583504-0.0014813861285298724j),(5.580619803366239e-07+0j),(-0.6787935919333222+0.7343291220905299j),(-0.6787935919333222-0.7343291220905299j)
319,0.9488304904161724,-0.7766306988012498,29.465023616404235,2.975847366666876,2366604.7794187427,(4733209.558837274+0j),(1.0023417489753659+0j),(0.997663749433041+0j),(3.6507317850880153e-07+0j),(-0.6909770638517486+0.7228766818972696j),(-0.6909770638517486-0.7228766818972696j)
320,0.948917948288248,-0.7776624891208936,29.476097312880103,2.975621649305946,2354283.2186042387,(4708566.437208265+0j),(0.9999961824011533+0.0039205226424188925j),(0.9999961824011533-0.0039205226424188925j),(2.455991383966578e-07+0j),(-0.7035212916149121+0.7106741814956106j),(-0.7035212916149121-0.7106741814956106j)
321,0.9490087130663328,-0.7787363613658227,29.48761366084242,2.975387081522616,2341544.3504870697,(4683088.700973926+0j),(1.000000306615422+0.001836901479035635j),(1.000000306615422-0.001836901479035635j),(5.323933941221497e-07+0j),(-0.716428070993121+0.6976609628559346j),(-0.716428070993121-0.6976609628559346j)
322,0.9491029027546344,-0.7798540803134902,29.499590336086044,2.97514331930083,2328376.2799574654,(4656752.559914716+0j),(0.9999965049284518+0.0018626222579302958j),(0.9999965049284518-0.0018626222579302958j),(2.848517322895387e-07+0j),(-0.7296979387898008+0.6837696382012789j),(-0.7296979387898008-0.6837696382012789j)
323,0.949168085237098,-0.7806295743972422,29.507893965332293,2.974974421010804,2319295.0452543306,(4638590.090508446+0j),(1.0020302503256995+0j),(0.9979750383693966+0j),(3.6096821165444545e-07+0j),(-0.7388052639048197+0.6739189728940069j),(-0.7388052639048197-0.6739189728940069j)
324,0.9492395713083628,-0.7814819497097015,29.517015052125043,2.974788993318255,19823561.33652255,(4618728.727629058+0j),(1.000822597121344+0j),(0.999175003917957+0j),(2.5222511309247438e-08+0j),(-0.7487202345481857+0.6628861217268662j),(-0.7487202345481857-0.6628861217268662j)
325,0.9493137899241002,-0.7823690043471887,29.5265007676876,2.9745962593541364,2299086.727981926,(4598173.455963634+0j),(0.9999957106647566+0.002437580552442402j),(0.9999957106647566-0.002437580552442402j),(3.053637894027904e-07+0j),(-0.7589315328819436+0.6511704296092037j),(-0.7589315328819436-0.6511704296092037j)
326,0.9493908407744078,-0.7832921819070285,29.53636567616963,2.974395933363527,2288451.8275331133,(4576903.655066008+0j),(0.9999875193685829+0.0054121044834596534j),(0.9999875193685829-0.0054121044834596534j),(4.0547620862647167e-07+0j),(-0.7694413683271879+0.6387174498217296j),(-0.7694413683271879-0.6387174498217296j)
327,0.9494708268428866,-0.784252989468339,29.54662492211441,2.974187718370894,6515330.121043317,(4554901.895055372+0j),(1.0015719227655853+0j),(0.9984290705054077+0j),(7.674208224462717e-08+0j),(-0.7802510736248087+0.6254664356360911j),(-0.7802510736248087-0.6254664356360911j)
328,0.9495494391765474,-0.785199752619723,29.556726358775915,2.973982821508316,2266676.392704697,(4533352.785409173+0j),(1.0000025277908113+0.0008170750613828771j),(1.0000025277908113-0.0008170750613828771j),(3.667114555477911e-07+0j),(-0.7907730288249788+0.612109481124866j),(-0.7907730288249788-0.612109481124866j)
329,0.9496310438419808,-0.7861851448994807,29.567231572843344,2.973769852625945,2255531.4258171264,(4511062.851634031+0j),(1.0000011510287237+0.001500116670331241j),(1.0000011510287237-0.001500116670331241j),(3.653242360002491e-07+0j),(-0.8015859102704643+0.5978796103362872j),(-0.8015859102704643-0.5978796103362872j)
330,0.9497157491130924,-0.7872107854703471,29.578156687706635,2.973548495474573,33471229.75217004,(4488012.179038677+0j),(1.0012412161008857+0j),(0.9987560274256173+0j),(1.4938202262125836e-08+0j),(-0.8126887600725272+0.5826980172025343j),(-0.8126887600725272-0.5826980172025343j)
331,0.9498036667836536,-0.7882783658765612,29.589518468785915,2.973318421257973,2232090.3638468613,(4464180.727693498+0j),(0.9999972127424004+0.0034508872104579737j),(0.9999972127424004-0.0034508872104579737j),(6.891760861771906e-07+0j),(-0.824079303655266+0.5664744489269087j),(-0.824079303655266-0.5664744489269087j)
332,0.9498949122563816,-0.7893896537696892,29.6013343488879,2.973079288083734,2219774.137053255,(4439548.274106285+0j),(1.0019545325727708+0j),(0.9980434148749728+0j),(-2.995760070510943e-07+0j),(-0.8357537611577623+0.5491044078411935j),(-0.8357537611577623-0.5491044078411935j)
333,0.9499896046330856,-0.7905464968799322,29.613622454537463,2.972830740381045,2207047.1424646224,(4414094.2849290185+0j),(1.000796404178072+0j),(0.9992042825144203+0j),(3.1736419214311653e-07+0j),(-0.8477066361906511+0.5304653230497747j),(-0.8477066361906511-0.5304653230497747j)
334,0.950055137333118,-0.7913492450388412,29.622141958604207,2.9726585014965945,12765731.899795763,(4396543.434228819+0j),(0.9999975781009712+0.0023711843218450993j),(0.9999975781009712-0.0023711843218450993j),(3.9167358669658436e-08+0j),(-0.8558795370845658+0.5171752294918011j),(-0.8558795370845658-0.5171752294918011j)
335,0.9501270097275788,-0.7922316799356544,29.631500129278106,2.972469382672488,2188678.347376856,(4377356.694753483+0j),(0.9999995019638046+0.002622970471624483j),(0.9999995019638046-0.002622970471624483j),(3.4002201190429887e-07+0j),(-0.864747850404028+0.5022062875169817j),(-0.864747850404028-0.5022062875169817j)
336,0.950201631946673,-0.793150132902444,29.64123235841309,2.9722727857422178,2178751.734893107,(4357503.469785985+0j),(0.999994705476246+0.003484195299304448j),(0.999994705476246-0.003484195299304448j),(3.741145001481209e-07+0j),(-0.8738480479766073+0.48619912489375605j),(-0.8738480479766073-0.48619912489375605j)
337,0.950279104552838,-0.7941061134321789,29.651353582391337,2.972068415862922,3596667.51060536,(4336966.778214168+0j),(1.0014575934194285+0j),(0.9985449857946069+0j),(1.3901757627739517e-07+0j),(-0.883177791694026+0.4690383654440782j),(-0.883177791694026-0.4690383654440782j)
338,0.9503552542315052,-0.7950482099889308,29.66131908120012,2.971867272160585,2158426.007600645,(4316852.015201058+0j),(0.9999845988808496+0.0055804186230437505j),(0.9999845988808496-0.0055804186230437505j),(3.855929907954592e-07+0j),(-0.8922286812677085+0.4515838574653278j),(-0.8922286812677085-0.4515838574653278j)
339,0.9504387508647536,-0.7960839968963396,29.672265525358217,2.971646419049197,9120398.855574865,(4294883.737333426+0j),(1.0018036330239521+0j),(0.9981979088314274+0j),(5.4822163802011295e-08+0j),(-0.9020138261709326+0.4317071430917683j),(-0.9020138261709326-0.4317071430917683j)
340,0.9505208113604812,-0.7971048348357528,29.68304351090164,2.971429053140864,2531594.746418454,(4273377.04293254+0j),(0.9999946940385607+0.002882909604877097j),(0.9999946940385607-0.002882909604877097j),(1.9750396492463455e-07+0j),(-0.9114861069127544+0.41133086062806046j),(-0.9114861069127544-0.41133086062806046j)
341,0.9506059933296264,-0.7981675279170626,29.694252233052147,2.9712030893902988,2125571.604872922,(4251143.209745608+0j),(0.9999962991790181+0.0032555973639123467j),(0.9999962991790181-0.0032555973639123467j),(4.6884373066532907e-07+0j),(-0.9211639292096143+0.3891747878821172j),(-0.9211639292096143-0.3891747878821172j)
342,0.9506944096645134,-0.7992738493342562,29.705908883599797,2.97096818748604,2114081.2570442185,(4228162.5140882+0j),(0.9999970369355798+0.0034803626570538986j),(0.9999970369355798-0.0034803626570538986j),(3.1509347978757326e-07+0j),(-0.9310389306619584+0.3649198673569563j),(-0.9310389306619584-0.3649198673569563j)
343,0.9507861769379734,-0.8004256533387076,29.718031338067515,2.970723993252537,2102208.033873554,(4204416.06774687+0j),(0.9999966359626185+0.002100776080803527j),(0.9999966359626185-0.002100776080803527j),(2.731084962349718e-07+0j),(-0.9411007574418857+0.3381262550324859j),(-0.9411007574418857-0.3381262550324859j)
344,0.9508496918083802,-0.8012249832591503,29.726435959105714,2.970554744677649,2526516.956974477,(4188043.4685716545+0j),(0.9999970396255116+0.0029279140178826274j),(0.9999970396255116-0.0029279140178826274j),(1.9790090805437272e-07+0j),(-0.9479508478765541+0.31841669241751663j),(-0.9479508478765541-0.31841669241751663j)
345,0.9509193573011496,-0.8021037347297043,29.73566790451259,2.970368884153277,2085072.3527149935,(4170144.7054297477+0j),(0.9999964678948232+0.003057035085586981j),(0.9999964678948232-0.003057035085586981j),(3.5144085299511463e-07+0j),(-0.9553551152688342+0.29545998668119894j),(-0.9553551152688342-0.29545998668119894j)
346,0.950991694981244,-0.8030184363351277,29.74526882609166,2.970175646522902,2075812.5995499145,(4151625.199099588+0j),(0.9999951183193032+0.003350248501002663j),(0.9999951183193032-0.003350248501002663j),(3.5706235581246e-07+0j),(-0.9629205630725103+0.2697850796691982j),(-0.9629205630725103-0.2697850796691982j)
347,0.95106680312114,-0.8039706014539619,29.755253454072733,2.969974738653168,4490531.900589513,(4132468.6905610086+0j),(1.0038109467308334+0j),(0.9962001585944428+0j),(1.1134538425934948e-07+0j),(-0.9706410912234658+0.24053247603705566j),(-0.9706410912234658-0.24053247603705566j)
348,0.9511406360017988,-0.8049090270027306,29.765084418380656,2.9697769723150933,2323693.003287337,(4113705.549132797+0j),(0.9999855111266622+0.005431867149100556j),(0.9999855111266622-0.005431867149100556j),(2.151747237232592e-07+0j),(-0.9780945104452714+0.20816130436950483j),(-0.9780945104452714-0.20816130436950483j)
349,0.9512216006314146,-0.8059408797190539,29.77588303906842,2.969559793203611,2046607.1147167664,(4093214.229433289+0j),(1.002175139288689+0j),(0.997823775767812+0j),(3.3094825924115506e-07+0j),(-0.9861101266843251+0.16609279951467504j),(-0.9861101266843251-0.16609279951467504j)
350,0.951301181164206,-0.8069579446040513,29.786515428528407,2.969346008196672,2036577.2048901184,(4073154.409779991+0j),(0.999996927922317+0.003701483988525548j),(0.999996927922317-0.003701483988525548j),(3.3186530086023487e-07+0j),(-0.9938250347862407+0.11095855186557996j),(-0.9938250347862407-0.11095855186557996j)
351,0.9513837977506544,-0.8080168199205711,29.797572685615314,2.969123730055884,4175133.7909590895,(4052417.068378349+0j),(1.0036885316980662+0j),(0.9963187627998428+0j),(1.1975664135188104e-07+0j),(-1.0592935170883975+0j),(-0.9440254130400096+0j)
352,0.95146956091274,-0.809119285960932,29.809071763429472,2.9688926196002248,2772265.717519137,(4030982.6154140094+0j),(0.9999968783706328+0.0020886462346850674j),(0.9999968783706328-0.0020886462346850674j),(1.8035789168415627e-07+0j),(-1.1484997293331736+0j),(-0.8707011194339535+0j)
353,0.9515585848344006,-0.810267205119084,29.821030288898417,2.9686523235884588,2004417.8628215396,(4008835.725642829+0j),(1.000002233920629+0.0008264625486677204j),(1.000002233920629-0.0008264625486677204j),(4.56942497687541e-07+0j),(-1.2062493038839288+0j),(-0.8290160224591675+0j)
354,0.9516202071451576,-0.8110639163527563,29.829321220382077,2.968485750966535,1996782.9351640395,(3993565.8703278285+0j),(1.0000012292767582+0.001817593610576441j),(1.0000012292767582-0.001817593610576441j),(3.3697309624962716e-07+0j),(-1.2390774251479404+0j),(-0.8070520693092302+0j)
355,0.9516878026433284,-0.8119398620159435,29.83842825095777,2.9683028046272115,1988436.447817336,(3976872.89563442+0j),(0.9999981736513033+0.0030988999730273597j),(0.9999981736513033-0.0030988999730273597j),(5.663809529353224e-07+0j),(-1.2710534610163975+0j),(-0.786748969001141+0j)
356,0.9517579973970252,-0.8128517242762259,29.84789922719087,2.9681125697325137,1979800.6142421365,(3959601.2284840206+0j),(0.9999926775446951+0.003663856395309895j),(0.9999926775446951-0.003663856395309895j),(5.199031472613163e-07+0j),(-1.3010252372403663+0j),(-0.7686245980293962+0j)
357,0.9518308875191854,-0.813801021749873,29.857748675150845,2.967914754452531,1970867.0542514576,(3941734.108502662+0j),(0.9999786148388061+0.006907502193246743j),(0.9999786148388061-0.006907502193246743j),(5.511159540611914e-07+0j),(-1.3294756243660901+0j),(-0.7521762578210427+0j)
358,0.9519065724084732,-0.8147893418266763,29.86799169877338,2.9677090549190943,1961629.1855846136,(3923258.371168973+0j),(0.9999922393843774+0.004372115088070748j),(0.9999922393843774-0.004372115088070748j),(4.407338176300943e-07+0j),(-1.3567060819210952+0j),(-0.7370793227255176+0j)
359,0.9519809754183648,-0.8157635432499577,29.878077018329712,2.967506539407812,1952584.4642487376,(3905168.9284972195+0j),(1.0023012020007043+0j),(0.9977047100276675+0j),(4.5177082796157913e-07+0j),(-1.3815652131004692+0j),(-0.7238167192671378+0j)
360,0.9520582294666644,-0.8167778398206914,29.888565318013995,2.967295946453401,1943231.087414444,(3886462.174828631+0j),(0.9999968251698934+0.003103032163804824j),(0.9999968251698934-0.003103032163804824j),(3.6746093092773673e-07+0j),(-1.40566002424358+0j),(-0.7114095746858193+0j)
361,0.9521384392959884,-0.8178339415539186,29.899472675583414,2.9670769511729795,5654376.32174378,(3867123.9762802115+0j),(1.001508221847517+0j),(0.9984896052962124+0j),(-8.842708223668539e-08+0j),(-1.4290540614462766+0j),(-0.6997635897608638+0j)
362,0.9522217131903996,-0.8189336374082614,29.910815807693915,2.966849215071791,4120108.959380662,(3847136.9113864033+0j),(0.9999966231398546+0.002048304281842492j),(0.9999966231398546-0.002048304281842492j),(1.2135601386502354e-07+0j),(-1.4517822771489026+0j),(-0.6888085188392321+0j)
363,0.9523081630775256,-0.8200787995563754,29.92261209499724,2.96661238538734,1913242.613554796,(3826485.2271093307+0j),(0.9999973425005797+0.0028173451801628046j),(0.9999973425005797-0.0028173451801628046j),(3.292594246829027e-07+0j),(-1.4738566722559894+0j),(-0.6784920262764244+0j)
364,0.9523680095417196,-0.8208736736449772,29.93079050844421,2.9664481903847757,3423055.071540614,(3812247.1384422686+0j),(1.0000000322995466+0.002378210745830637j),(1.0000000322995466-0.002378210745830637j),(1.4606834817149924e-07+0j),(-1.4882991566992747+0j),(-0.6719079262382853+0j)
365,0.9524336626129488,-0.8217476716273536,29.939773910298538,2.966267831558584,5809340.327761334,(3796682.6389769297+0j),(1.0028769725731999+0j),(0.9971326485331357+0j),(8.606829205901968e-08+0j),(-1.5034011165282761+0j),(-0.6651584790020912+0j)
366,0.9525018464060102,-0.8226575866082949,29.94911627786522,2.9660802608012675,1890289.0353374493,(3780578.0706746345+0j),(1.000439954700301+0j),(0.9995562083540587+0j),(2.846866379177257e-07+0j),(-1.5183031468569586+0j),(-0.658629998936705+0j)
367,0.9525726549972584,-0.8236049438000247,29.958831934977997,2.965885187188125,1881959.497767335,(3763918.995534404+0j),(0.9999880350111401+0.005394808525293298j),(0.9999880350111401-0.005394808525293298j),(3.3317591341724374e-07+0j),(-1.5329730184550954+0j),(-0.6523272020846022+0j)
368,0.9526461857197176,-0.8245913380168288,29.96893577497087,2.965682307619004,18464263.41896071,(3746692.3897123737+0j),(1.0023493226711297+0j),(0.997651431044403+0j),(2.7079336372907084e-08+0j),(-1.5473729232960163+0j),(-0.6462566230446365+0j)
369,0.952718478180261,-0.8255637350675806,29.97888400705515,2.9654825375510567,8424616.352445602,(3729825.6039758213+0j),(1.0033142844110132+0j),(0.9966898175237728+0j),(-5.934988361278381e-08+0j),(-1.5607315275750722+0j),(-0.6407251870882034+0j)
370,0.9527935482962708,-0.8265762520860369,29.98922969211996,2.965274767036488,1856192.437833242,(3712384.875666215+0j),(1.0028178192633568+0j),(0.9971874595816944+0j),(3.8063303843670874e-07+0j),(-1.573791348921897+0j),(-0.6354082456260918+0j)
371,0.9528714987187848,-0.8276306082739497,29.99998868298557,2.9650586716326184,2939314.3176015187,(3694354.7751337355+0j),(1.0000001174735065+0.001880881145162629j),(1.0000001174735065-0.001880881145162629j),(1.7010770063135493e-07+0j),(-1.5865004512076606+0j),(-0.6303181314816348+0j)
372,0.952952435618744,-0.8287286028539504,30.01117746201727,2.964833913089935,4412973.720409408,(3675720.76185931+0j),(1.0030207737900019+0j),(0.9969824993981637+0j),(-1.133022836024547e-07+0j),(-1.5987999408873166+0j),(-0.6254691249519261+0j)
373,0.9530364687925392,-0.8298721194473399,30.022813165812643,2.964600138671031,2246158.453703293,(3656467.0677007595+0j),(1.0022660371169019+0j),(0.9977352560551441+0j),(2.2260228310058147e-07+0j),(-1.610623194313593+0j),(-0.62087768481824+0j)
374,0.9530946478659956,-0.8306659269026131,30.03088020742214,2.964438037233049,9241263.593325024,(3643192.6576786535+0j),(0.999997694774472+0.002289112469230151j),(0.999997694774472-0.002289112469230151j),(5.410515509601437e-08+0j),(-1.6182525030199177+0j),(-0.6179505349961326+0j)
375,0.9531584770637812,-0.8315388235226705,30.039741238629222,2.964259954777776,4410799.436306638,(3628681.8663135655+0j),(0.9999965395764274+0.002401448913297115j),(0.9999965395764274-0.002401448913297115j),(1.1335813546278112e-07+0j),(-1.6261051525389365+0j),(-0.6149663805188859+0j)
376,0.9532247725492,-0.8324476713506908,30.04895630480243,2.96407472553903,2520127.226148324,(3613668.627506111+0j),(0.9999949661595442+0.002569690111932366j),(0.9999949661595442-0.002569690111932366j),(1.9840268174246206e-07+0j),(-1.6336927332682492+0j),(-0.6121102087535556+0j)
377,0.9532936264775668,-0.8333940035742922,30.0585395293882,2.9638820591039234,18710350.4732158,(3598138.4561865153+0j),(0.9999869101430399+0.004864181203685182j),(0.9999869101430399-0.004864181203685182j),(2.6723176603012298e-08+0j),(-1.640964220179959+0j),(-0.6093978087409678+0j)
378,0.9533651342329592,-0.8343794238731383,30.06850559702778,2.96368165273491,1791039.6285185092,(3582079.257036739+0j),(0.9999982230516478+0.0028245006464756597j),(0.9999982230516478-0.0028245006464756597j),(4.6585196301877124e-07+0j),(-1.6478627295299892+0j),(-0.6068466639118706+0j)
379,0.9534354445934488,-0.8353509539256421,30.078318129839825,2.963484287755997,1841778.501855116,(3566355.9521611026+0j),(1.0019920764384724+0j),(0.9980116540175865+0j),(2.7147672724837217e-07+0j),(-1.6539990773503357+0j),(-0.6045952586636048+0j)
380,0.9535084635948872,-0.8363626663527665,30.088522642501143,2.9632789868382083,22978093.75889931,(3550097.071537665+0j),(0.9999948488471156+0.0036611800661604673j),(0.9999948488471156-0.0036611800661604673j),(-2.1759855506131903e-08+0j),(-1.6596943496954268+0j),(-0.6025205786737218+0j)
381,0.9535842919139568,-0.8374162910958812,30.099134764893503,2.963065425553336,1766644.8680494074,(3533289.7360985316+0j),(0.9999924116468357+0.004335767857205039j),(0.9999924116468357-0.004335767857205039j),(4.2466995166593914e-07+0j),(-1.6648781838923217+0j),(-0.6006445454538222+0j)
382,0.953663033726306,-0.8385136392659777,30.110170747151283,2.962843265458126,11270077.418118035,(3515920.5075656762+0j),(1.0041499788216115+0j),(0.9958586351513795+0j),(4.436526755319262e-08+0j),(-1.669472071338154+0j),(-0.5989917514453809+0j)
383,0.9537447968152876,-0.8396566076331411,30.121647483939352,2.962612153387517,3277537.781565019,(3497972.894980306+0j),(1.0019120642977173+0j),(0.9980897350577759+0j),(1.5255354272720617e-07+0j),(-1.6733883321820477+0j),(-0.5975899202643675+0j)
384,0.9538014095926568,-0.8404501094597298,30.12960427322383,2.9624518738920056,1742799.837113182,(3485599.6742260773+0j),(1.003226798627351+0j),(0.9967783901146804+0j),(3.0317841101513076e-07+0j),(-1.675587807648229+0j),(-0.5968054884593222+0j)
385,0.95386352543357,-0.8413227408633077,30.138344162324383,2.9622757701837363,1736036.7450069848,(3472073.4900136814+0j),(0.9999981739062833+0.001956182337256784j),(0.9999981739062833-0.001956182337256784j),(4.867641944165149e-07+0j),(-1.6775162130321126+0j),(-0.5961194247967929+0j)
386,0.9539280469600526,-0.8422313913847894,30.14743320341824,2.962092573750424,1764089.7469122843,(3458079.505409498+0j),(0.999997677341481+0.0017726445039217122j),(0.999997677341481-0.0017726445039217122j),(2.8343229185204356e-07+0j),(-1.6789787603646829+0j),(-0.5956001490946704+0j)
387,0.9539950645152104,-0.8431776035859344,30.156885321334865,2.9619019943013565,2445901.6666007475,(3443604.1101403274+0j),(0.9999938692815056+0.003019991001951154j),(0.9999938692815056-0.003019991001951154j),(2.0442359021526334e-07+0j),(-1.679910256375861+0j),(-0.5952698938557182+0j)
388,0.9540646716441348,-0.8441629914742241,30.166714993848547,2.961703729059189,18328196.090344,(3428635.0133060087+0j),(1.0007748876537719+0j),(0.9992224064828905+0j),(-2.728037159442111e-08+0j),(-1.6802380901273921+0j),(-0.595153749861822+0j)
389,0.95413311969234,-0.8451345819742454,30.17639318177357,2.961508443104066,1706989.802997649,(3413979.605995005+0j),(1.000000689748146+0.0011509326517167122j),(1.000000689748146-0.0011509326517167122j),(3.5715809004051857e-07+0j),(-1.679918288569154+0j),(-0.5952670476917775+0j)
390,0.9542042114532318,-0.8461464548082094,30.186457928774885,2.96130527361595,9604874.639925657,(3398825.5326535143+0j),(0.9999965471857406+0.0012643735845039028j),(0.9999965471857406-0.0012643735845039028j),(-5.2056900141267376e-08+0j),(-1.6789040436005083+0j),(-0.5956266552646059+0j)
391,0.954278045739732,-0.8472003522370792,30.196924643701056,2.961093895756657,1691580.4927993666,(3383160.9855984375+0j),(1.0028117408651829+0j),(0.9971948603538895+0j),(3.771952557581032e-07+0j),(-1.677105143388449+0j),(-0.5962655376392088+0j)
392,0.9543547248434446,-0.8482980989149455,30.20780934641604,2.9608739704504856,1686927.235353725,(3366970.9568410963+0j),(0.9999975022099465+0.002694761888488234j),(0.9999975022099465-0.002694761888488234j),(2.963968981716043e-07+0j),(-1.6744206030748514+0j),(-0.5972215094365309+0j)
393,0.9544343546463596,-0.849441606494568,30.219128691667525,2.96064514365128,1675122.0955961652,(3350244.191192032+0j),(1.0032347619902882+0j),(0.9967721265094247+0j),(4.922078538881332e-07+0j),(-1.6707371107921039+0j),(-0.5985382101950746+0j)
394,0.9545170447361442,-0.850632878562231,30.230899993843305,2.960407045558365,1666482.9144911538,(3332965.8289820077+0j),(0.999999023060167+0.001058416624256291j),(0.999999023060167-0.001058416624256291j),(3.75630344998426e-07+0j),(-1.6659271329155794+0j),(-0.600266350335422+0j)
395,0.954574302354316,-0.8514600509691398,30.23906093500934,2.960241890574573,1660528.4858643024,(3321056.9717283035+0j),(0.9999998901680902+0.002845717072557821j),(0.9999998901680902-0.002845717072557821j),(3.917836807976053e-07+0j),(-1.661996932049652+0j),(-0.6016858278834173+0j)
396,0.9546371285622782,-0.8523698398780284,30.24802500224085,2.960060400939723,1654020.657114545,(3308041.314228788+0j),(0.999995000174771+0.0023283581011417846j),(0.999995000174771-0.0023283581011417846j),(4.2474367386406727e-07+0j),(-1.6571088502021762+0j),(-0.6034606597375779+0j)
397,0.9547023911522748,-0.8533173261298527,30.25734710290935,2.9598715691290063,1911473.8140087647,(3294578.8603753094+0j),(0.9999972668356818+0.002142148538600247j),(0.9999972668356818-0.002142148538600247j),(2.615782629799298e-07+0j),(-1.6513810124861066+0j),(-0.6055537713216838+0j)
398,0.954770181913416,-0.8543041368622245,30.26704150908083,2.9596750917488115,1974790.9742316224,(3280656.597590532+0j),(0.9999953315392003+0.0014078503798007197j),(0.9999953315392003-0.0014078503798007197j),(2.5319135367963625e-07+0j),(-1.6447143022099118+0j),(-0.6080083323020586+0j)
399,0.9548368502131016,-0.8552772261792582,30.27658645931196,2.9594815366169214,1633513.4478022472,(3267026.8956041886+0j),(0.9999990623177921+0.0025540773891608304j),(0.9999990623177921-0.0025540773891608304j),(4.53555395180412e-07+0j),(-1.6374282328309868+0j),(-0.6107137888242399+0j)
400,0.9549061001810752,-0.8562907611443218,30.28651258759356,2.959280136030056,1626466.9810696295,(3252933.9621389518+0j),(1.0016017791330647+0j),(0.9983989490999483+0j),(4.077458407297973e-07+0j),(-1.629073455388827+0j),(-0.613845862316447+0j)
401,0.954978028851397,-0.857346499424701,30.296835082890624,2.9590705641119377,1770022.255790498,(3238365.4374888344+0j),(0.9999974247585417+0.000184217409286921j),(0.9999974247585417-0.000184217409286921j),(2.8248232380374123e-07+0j),(-1.6195220213668207+0j),(-0.6174661330977328+0j)
402,0.9550527367178656,-0.858446282483113,30.30756973594678,2.958852480493809,1611654.9743564166,(3223309.948712523+0j),(1.0000014184285027+0.0003766323982013121j),(1.0000014184285027-0.0003766323982013121j),(4.1356118049649905e-07+0j),(-1.6086280440025913+0j),(-0.6216477474256759+0j)
403,0.9551303278486264,-0.8595920403125541,30.318732962737887,2.9586255295528936,12195959.65506549,(3207754.3129742322+0j),(1.002517717585027+0j),(0.9974809699587655+0j),(4.0997183833117223e-08+0j),(-1.5962240305954243+0j),(-0.6264784772266323+0j)
404,0.9552109100047118,-0.8607857965128376,30.33034182879184,2.958389339597051,1595843.4754293754,(3191686.9508584375+0j),(0.9999986678600717+0.0014185821000664198j),(0.9999986678600717-0.0014185821000664198j),(3.229643010653342e-07+0j),(-1.5821160545813475+0j),(-0.6320648836754291+0j)
405,0.9552667134418868,-0.8616147777248591,30.33839010352643,2.9582254819775966,1590306.325180379,(3180612.6503604436+0j),(0.9999978134208207+0.002743280635897889j),(0.9999978134208207-0.002743280635897889j),(4.125942032384174e-07+0j),(-1.5715825944691701+0j),(-0.6363012695096482+0j)
406,0.9553279491577068,-0.8625266354986998,30.347230368393,2.9580453932634265,1584254.9615985556,(3168509.9231967954+0j),(1.0000001737217823+0.0016584873087283993j),(1.0000001737217823-0.0016584873087283993j),(3.4751830462924523e-07+0j),(-1.55927311700386+0j),(-0.6413244665703596+0j)
407,0.955391565247708,-0.8634763647123059,30.35642366782417,2.9578579915205188,1577995.4337630942,(3155990.867525872+0j),(0.9999940449815077+0.0037765923332647253j),(0.9999940449815077-0.0037765923332647253j),(3.2520068904064523e-07+0j),(-1.545616743318829+0j),(-0.6469909208234499+0j)
408,0.9554576518485954,-0.8644656073060548,30.36598406972569,2.9576629723014154,1571522.7075567676,(3143045.415113217+0j),(0.9999970657196466+0.0018854380539107473j),(0.9999970657196466-0.0018854380539107473j),(4.6833063580433046e-07+0j),(-1.5304450898064816+0j),(-0.6534046903482434+0j)
409,0.9555226502934449,-0.8654411903439715,30.375397022341907,2.9574708239108087,2422627.4996419684,(3130371.5061711455+0j),(0.9999954567324175+0.0023624661719991048j),(0.9999954567324175-0.0023624661719991048j),(2.063874863444399e-07+0j),(-1.514487941040233+0j),(-0.6602891795316207+0j)
410,0.955590172139658,-0.866457423634581,30.385185818792063,2.957270855749512,2167668.0170744085,(3117267.78704035+0j),(1.0018212177220291+0j),(0.9981808542688543+0j),(2.306626273311221e-07+0j),(-1.4967529607502028+0j),(-0.6681129259291847+0j)
411,0.9556603127469252,-0.8675160820693896,30.395365429750765,2.9570627404366547,1691152.506101474,(3103722.216398347+0j),(1.003022298005129+0j),(0.99698494719141+0j),(2.9565636345397835e-07+0j),(-1.476986322269572+0j),(-0.6770543402618436+0j)
412,0.9557331709165507,-0.8686190258296627,30.405951418468344,2.9568461358254514,1544861.592477373,(3089723.1849544225+0j),(1.0022166952766933+0j),(0.9977819029343522+0j),(3.297503238731675e-07+0j),(-1.4548749051088223+0j),(-0.68734431839361+0j)
413,0.9558088490087724,-0.8697682052564719,30.416959963807574,2.956620684212164,2037939.871219587,(3075260.1496902863+0j),(1.0014722413925927+0j),(0.9985256566784931+0j),(2.453458058607046e-07+0j),(-1.4300219366222153+0j),(-0.6992899719860525+0j)
414,0.955887453064342,-0.870965666075627,30.428407884124432,2.956386011488232,1530160.6725223842,(3060321.3450444415+0j),(0.9999957934426533+0.003159807264047069j),(0.9999957934426533-0.003159807264047069j),(3.4861600852734003e-07+0j),(-1.4019067045665743+0j),(-0.7133142289302015+0j)
415,0.955941891846823,-0.8717973036987883,30.43634452325796,2.9562231806030628,10279396.828782251,(3050025.533267566+0j),(1.0012955788811817+0j),(0.9987025955850346+0j),(4.864098626876668e-08+0j),(-1.3808662993516592+0j),(-0.7241830729517491+0j)
416,0.9560016349511604,-0.8727121627622118,30.44506211570518,2.9560441958939974,1519386.6534033765,(3038773.3068064237+0j),(0.9999988597728311+0.0010032126059600604j),(0.9999988597728311-0.0010032126059600604j),(4.060283793038742e-07+0j),(-1.3560696796266352+0j),(-0.7374252333960516+0j)
417,0.9560637058273984,-0.8736651061964376,30.454127786349368,2.9558579158178366,1726368.2215531,(3027134.4691407243+0j),(0.9999940016858605+0.002984888380846481j),(0.9999940016858605-0.002984888380846481j),(2.8962534977052856e-07+0j),(-1.3280938628553163+0j),(-0.7529588291674234+0j)
418,0.9561281930573596,-0.8746577924598002,30.4635554003722,2.955664034431839,1507549.65117747,(3015099.3023546087+0j),(0.999995692646907+0.0029105365890524384j),(0.999995692646907-0.0029105365890524384j),(4.3976171432441323e-07+0j),(-1.2961115255056834+0j),(-0.7715385445784347+0j)
419,0.9561916242841024,-0.8756368672184686,30.472837550093065,2.9554729777671787,1501658.6208915596,(3003317.2417827863+0j),(0.9999985961931738+0.0023452558269094906j),(0.9999985961931738-0.0023452558269094906j),(3.8607342127003504e-07+0j),(-1.2609149640931292+0j),(-0.7930748928173864+0j)
420,0.9562575241819056,-0.8766568386154003,30.48249025402285,2.955274114814334,14310845.850768128,(2991134.887998499+0j),(0.9999946698123584+0.00343654802888228j),(0.9999946698123584-0.00343654802888228j),(3.493853579403648e-08+0j),(-1.2188418509288166+0j),(-0.8204509873351807+0j)
421,0.9563259865345368,-0.8777195006338108,30.49252826601317,2.955067116215444,5647770.041125926,(2978542.857335938+0j),(1.0016550757426177+0j),(0.9983436011805582+0j),(8.853051670997659e-08+0j),(-1.165400606363955+0j),(-0.8580740344043373+0j)
422,0.9563971085500764,-0.8788267341375388,30.502966923313664,2.95485163755349,1482764.8700056812,(2965529.740011025+0j),(0.9999994556380929+0.001986996321985056j),(0.9999994556380929-0.001986996321985056j),(3.4665015803377643e-07+0j),(-1.0835588866475143+0j),(-0.9228847756432943+0j)
423,0.956470990980768,-0.8799805118827274,30.51382216918896,2.954627318530617,2123609.740041376,(2952085.792875465+0j),(1.0036458834173057+0j),(0.9963660367992215+0j),(2.354481572448834e-07+0j),(-0.9940502117678373+0.10892280057138476j),(-0.9940502117678373-0.10892280057138476j)
424,0.956547738247444,-0.8811829038980926,30.52511057635688,2.9543937820864605,2024047.1376324352,(2938199.3599448176+0j),(1.0000006212242085+0.00018261514928424324j),(1.0000006212242085-0.00018261514928424324j),(2.470298199600675e-07+0j),(-0.9841684312868965+0.17723571552674575j),(-0.9841684312868965-0.17723571552674575j)
425,0.9566008960320032,-0.8820180500625354,30.532936570299324,2.9542317140675896,4611949.499023735,(2928629.0702039087+0j),(1.0027534478393825+0j),(0.99725190756569+0j),(1.0841402320338648e-07+0j),(-0.9771104683968151+0.21273253758967808j),(-0.9771104683968151-0.21273253758967808j)
426,0.9566592379943164,-0.882936848094345,30.541532575541527,2.954053543745077,2012954.9404990629,(2918169.7644391935+0j),(0.9999978524650155+0.00245408774234199j),(0.9999978524650155-0.00245408774234199j),(2.483910543353087e-07+0j),(-0.9691615503767372+0.2464262349494292j),(-0.9691615503767372-0.2464262349494292j)
427,0.9567198583153892,-0.8838939827886263,30.550471742957964,2.95386808437833,1453675.9862612796,(2907351.972522215+0j),(0.9999975507752547+0.0029357267187774677j),(0.9999975507752547-0.0029357267187774677j),(6.77334406847702e-07+0j),(-0.9606760487040678+0.2776716216078365j),(-0.9606760487040678-0.2776716216078365j)
428,0.9567828441139612,-0.8848911308840239,30.55976773632197,2.9536750280820776,2268048.162881058,(2896165.876293822+0j),(1.0025080159571098+0j),(0.9974946978261682+0j),(2.2045387226913374e-07+0j),(-0.9516135276888915+0.3072974030471106j),(-0.9516135276888915-0.3072974030471106j)
429,0.95684480405718,-0.8858747019614163,30.56892022904363,2.953484755439968,1527017.4252255503,(2885214.4514395483+0j),(0.9999936392426891+0.0038353600276592676j),(0.9999936392426891-0.0038353600276592676j),(3.2743568720324217e-07+0j),(-0.9424523208449391+0.33434057925112376j),(-0.9424523208449391-0.33434057925112376j)
430,0.9569091812540204,-0.8868994584672968,30.578438028555052,2.953286677918653,2145474.075388177,(2873893.0139630605+0j),(1.0042523079792414+0j),(0.9957574346401606+0j),(2.3304872603019593e-07+0j),(-0.932673066311015+0.36072281793365346j),(-0.932673066311015-0.36072281793365346j)
431,0.9569760680050532,-0.8879672153989943,30.5883356732167,2.95308046370264,1450888.1470216403,(2862189.5119005535+0j),(1.0013737336936661+0j),(0.9986275658337654+0j),(3.446165033648192e-07+0j),(-0.92222915185352+0.3866437526606662j),(-0.92222915185352-0.3866437526606662j)
432,0.957045560018667,-0.8890798763264854,30.59862827562508,2.95286576560291,1425047.6835079305,(2850095.36701551+0j),(0.9999978199442047+0.0031981171215621825j),(0.9999978199442047-0.0031981171215621825j),(3.708125137414552e-07+0j),(-0.9110701458487309+0.412251366696524j),(-0.9110701458487309-0.412251366696524j)
433,0.957117756533296,-0.8902394385527309,30.609331544806427,2.95264222020317,1881373.331818376,(2837600.7678825296+0j),(0.9999942424260084+0.0030417886379694352j),(0.9999942424260084-0.0030417886379694352j),(2.657633078687141e-07+0j),(-0.8991414665609179+0.437658112127105j),(-0.8991414665609179-0.437658112127105j)
434,0.9571927604444862,-0.8914479986564461,30.62046180920804,2.952409446943087,1412348.3950360534,(2824696.790071753+0j),(1.0000007869312213+0.00235247092467674j),(1.0000007869312213-0.00235247092467674j),(7.493738223554778e-07+0j),(-0.8863840181845462+0.46295072341125904j),(-0.8863840181845462-0.46295072341125904j)
435,0.957244715460438,-0.8922875129409745,30.62817810486509,2.952247883235363,5972319.582258248,(2815802.967361089+0j),(0.9999981824456077+0.002596866729271467j),(0.9999981824456077-0.002596866729271467j),(8.371956542401638e-08+0j),(-0.8773273392146352+0.47989242530649995j),(-0.8773273392146352-0.47989242530649995j)
436,0.9573017418208564,-0.8932111960831064,30.636653559972103,2.95207024339016,1403042.0720708545,(2806084.1441413527+0j),(1.002925530883893+0j),(0.9970786336629794+0j),(3.6385778268171285e-07+0j),(-0.8671783039300817+0.49799778030924335j),(-0.8671783039300817-0.49799778030924335j)
437,0.9573610001147712,-0.8941735081912336,30.64546729924998,2.951885309572387,1850252.2996271527,(2796031.414667815+0j),(0.9999949215185906+0.002286119351837213j),(0.9999949215185906-0.002286119351837213j),(2.702334163296498e-07+0j),(-0.856399638647604+0.516313527737019j),(-0.856399638647604-0.516313527737019j)
438,0.9574225760842152,-0.8951761460987075,30.65463278624944,2.951692771499076,1392818.8363126663,(2785637.6726249736+0j),(1.0026872808423797+0j),(0.9973235897511611+0j),(5.004883892361751e-07+0j),(-0.8449468359379968+0.5348503009612648j),(-0.8449468359379968-0.5348503009612648j)
439,0.9574831544766388,-0.8961652280978089,30.66365671531544,2.9515029808107385,1387730.919324325,(2775461.8386482894+0j),(0.9999982649331663+0.0022863342342698337j),(0.9999982649331663-0.0022863342342698337j),(4.7031012901116254e-07+0j),(-0.8334267470252763+0.5526299461148038j),(-0.8334267470252763-0.5526299461148038j)
440,0.957546101809818,-0.8971958274771459,30.673040743388224,2.9513053746442792,4144773.686972668,(2764941.6245542783+0j),(0.9999961755168165+0.0037510312612524196j),(0.9999961755168165-0.0037510312612524196j),(1.2063384825365606e-07+0j),(-0.821188736592859+0.570656690921089j),(-0.821188736592859-0.570656690921089j)
441,0.9576115089884188,-0.8982697822307217,30.68279919452236,2.951099618235548,2821278.842259596,(2754068.246957466+0j),(1.0026485667168528+0j),(0.9973538269866815+0j),(1.7722459492857494e-07+0j),(-0.808181820377496+0.5889330566467662j),(-0.808181820377496-0.5889330566467662j)
442,0.9576794703092196,-0.8993890207235263,30.692946957852108,2.950885361109709,1371415.7370660233,(2742831.474131682+0j),(0.9999952785358615+0.004476429552471424j),(0.9999952785358615-0.004476429552471424j),(8.039520442968471e-07+0j),(-0.794351000188342+0.6074590426520635j),(-0.794351000188342-0.6074590426520635j)
443,0.9577500835855516,-0.9005555670076024,30.70349950935716,2.950662236194084,1365611.884090338,(2731223.76818031+0j),(0.9999996421916795+0.00158741899947984j),(0.9999996421916795-0.00158741899947984j),(4.0832967069222987e-07+0j),(-0.7796369201126538+0.6262318043642013j),(-0.7796369201126538-0.6262318043642013j)
444,0.9578234502768508,-0.9017715465354824,30.714472934401726,2.950429858864623,2586381.584280046,(2719235.5380256465+0j),(1.0033057198322604+0j),(0.9967022484708352+0j),(1.933202753371755e-07+0j),(-0.7639754973652094+0.6452452552522636j),(-0.7639754973652094-0.6452452552522636j)
445,0.9578742757248984,-0.9026162988288162,30.722080431837355,2.950268544832346,1355486.6158427428,(2710973.231685117+0j),(1.0000002794214882+0.0015745639692646071j),(1.0000002794214882-0.0015745639692646071j),(6.614294176720653e-07+0j),(-0.7529011687429323+0.6581335959404568j),(-0.7529011687429323-0.6581335959404568j)
446,0.9579300665290156,-0.9035458248284396,30.730436322037946,2.950091155736528,1406475427.2455823,(2701944.1861570263+0j),(0.999995137118503+0.00012701933354992615j),(0.999995137118503-0.00012701933354992615j),(3.554985677774631e-10+0j),(-0.74053186719514+0.6720212449532135j),(-0.74053186719514-0.6720212449532135j)
447,0.9579880456416902,-0.9045143128852716,30.73912565391756,2.9499064565181072,1808690.805667693,(2692606.3390427874+0j),(0.9999953493110323+0.0038917868716135885j),(0.9999953493110323-0.0038917868716135885j),(2.764430484377119e-07+0j),(-0.7274397964688732+0.6861715110038566j),(-0.7274397964688732-0.6861715110038566j)
448,0.9580482975094964,-0.905523481799313,30.74816169184927,2.949714134030869,1647672.51091488,(2682951.275340125+0j),(1.0028811860500786+0j),(0.997119823372818+0j),(3.0345836122641755e-07+0j),(-0.7135764276128347+0.7005773918385376j),(-0.7135764276128347-0.7005773918385376j)
449,0.9581075783334916,-0.906519102672145,30.75705809400284,2.949524527243727,1336750.0572786208,(2673500.1145568676+0j),(1.0037692325565+0j),(0.9962441726146398+0j),(4.4451137409087664e-07+0j),(-0.6996782391068485+0.7144580895478251j),(-0.6996782391068485-0.7144580895478251j)
450,0.9581691826956528,-0.907556616928951,30.766309424243488,2.949327082375409,1593298.3693421711,(2663728.0570035055+0j),(0.9999965839738909+0.0026485558723186664j),(0.9999965839738909-0.0026485558723186664j),(3.1381441770161694e-07+0j),(-0.6849622761017327+0.7285785340768061j),(-0.6849622761017327-0.7285785340768061j)
451,0.958233200186857,-0.9086378876087844,30.775929793346386,2.9491214612091685,1729936.0155028782,(2653628.696091056+0j),(0.9999989084888898+0.0020326651355918814j),(0.9999989084888898-0.0020326651355918814j),(2.890280308169062e-07+0j),(-0.6693732389641162+0.742926286355971j),(-0.6693732389641162-0.742926286355971j)
452,0.958299723775149,-0.9097648700315966,30.785933868004246,2.9489073094560734,1321596.3628315912,(2643192.725662804+0j),(0.9999974615027302+0.0033186168373681513j),(0.9999974615027302-0.0033186168373681513j),(7.282298420247093e-07+0j),(-0.6528516242627992+0.7574858128687314j),(-0.6528516242627992-0.7574858128687314j)
453,0.9583688499322426,-0.9109396172777,30.79633689215973,2.9486842558327795,4495479.381498876,(2632412.2829132173+0j),(1.002193849468574+0j),(0.9978050500183615+0j),(1.1122284356541682e-07+0j),(-0.635333371873805+0.7722379857164818j),(-0.635333371873805-0.7722379857164818j)
454,0.958440678765395,-0.9121642860802852,30.807154709085896,2.9484519110695024,1310639.3677746025,(2621278.735548823+0j),(0.9999974306887991+0.002176944501233469j),(0.9999974306887991-0.002176944501233469j),(6.052106775426766e-07+0j),(-0.6167494859217644+0.7871594956647785j),(-0.6167494859217644-0.7871594956647785j)
455,0.958490443177718,-0.9130151594047204,30.814654257881497,2.948290594643759,1306803.3221948296,(2613606.6443892764+0j),(1.0028115195136393+0j),(0.9971956386215651+0j),(4.5682489111414033e-07+0j),(-0.6036452997718711+0.7972530037969844j),(-0.6036452997718711-0.7972530037969844j)
456,0.9585450733691404,-0.913951500717067,30.822891512528365,2.948113179266408,1423480.124864383,(2605222.7093879143+0j),(1.0037446179817429+0j),(0.99626677594099+0j),(3.5125183082390947e-07+0j),(-0.5890428928028049+0.808101769852343j),(-0.5890428928028049-0.808101769852343j)
457,0.9586018508693614,-0.914927178867216,30.83145739916449,2.947928426366136,1543238.4378241168,(2596551.2304435037+0j),(0.9999957730118947+0.003548287504793529j),(0.9999957730118947-0.003548287504793529j),(3.2399400361296444e-07+0j),(-0.5736246932463016+0.8191182523287233j),(-0.5736246932463016-0.8191182523287233j)
458,0.9586608589058552,-0.9159439365562924,30.84036498387727,2.947736019455529,1293793.2046507234,(2587586.4093010603+0j),(1.002595132397363+0j),(0.9974114191505672+0j),(3.882741458098771e-07+0j),(-0.5573381961953725+0.8302855744029752j),(-0.5573381961953725-0.8302855744029752j)
459,0.9587189208011292,-0.916947140914266,30.84913483483409,2.9475463009564367,1289405.324090224,(2578810.64818006+0j),(1.0000017686547307+0.0010494462718145044j),(1.0000017686547307-0.0010494462718145044j),(5.101318696389278e-07+0j),(-0.5410502014381865+0.8409902969260047j),(-0.5410502014381865-0.8409902969260047j)
460,0.9587792635606,-0.917992659737198,30.8582544768236,2.9473487097109388,1284869.0345498044,(2569738.0690992195+0j),(0.9999959825541103+0.003050274912683903j),(0.9999959825541103-0.003050274912683903j),(4.198856587228085e-07+0j),(-0.5238447968791269+0.8518137289235563j),(-0.5238447968791269-0.8518137289235563j)
461,0.9588419755385454,-0.9190823832294456,30.867737808195127,2.947142903530263,1940072.925137324,(2560361.776723831+0j),(0.9999976187237367+0.0017635489974465815j),(0.9999976187237367-0.0017635489974465815j),(2.577222709113585e-07+0j),(-0.5056624249108614+0.8627314252032573j),(-0.5056624249108614-0.8627314252032573j)
462,0.9589071484521756,-0.9202182959031322,30.8775992740356,2.946928523765907,1275336.6460828553,(2550673.2921653185+0j),(0.9999931486826947+0.0024908950355094525j),(0.9999931486826947-0.0024908950355094525j),(4.081432500539965e-07+0j),(-0.48643913689685536+0.8737144648539471j),(-0.48643913689685536-0.8737144648539471j)
463,0.9589748775100684,-0.9214024822294876,30.88785388706173,2.9467051943504403,1892045.465563075,(2540666.027946621+0j),(0.999999548825599+0.0023313741820083795j),(0.999999548825599-0.0023313741820083795j),(2.6426426272543847e-07+0j),(-0.4661062321905788+0.8847287608714264j),(-0.4661062321905788-0.8847287608714264j)
464,0.9590452615462012,-0.9226371327191556,30.89851724923438,2.946472520765097,1293062.6691631926,(2530331.6667422475+0j),(1.0042222917504215+0j),(0.9957844022808575+0j),(3.86678860912171e-07+0j),(-0.4445898721643119+0.8957342494115726j),(-0.4445898721643119-0.8957342494115726j)
465,0.9590940291116864,-0.9234950260397596,30.90590964449128,2.946310951117836,1360635.3623914458,(2523209.3953680424+0j),(0.9999933685744082+0.003662845796756894j),(0.9999933685744082-0.003662845796756894j),(3.674753823252617e-07+0j),(-0.42944941345598975+0.9030909152916299j),(-0.42944941345598975-0.9030909152916299j)
466,0.9591475688865964,-0.9244391729172178,30.91402913262845,2.9461332336686423,1516053.1613078346,(2515428.168946866+0j),(1.0030042694088794+0j),(0.9970001640976249+0j),(3.298037382598943e-07+0j),(-0.41260734009820993+0.9109089871645001j),(-0.41260734009820993-0.9109089871645001j)
467,0.9592032174317884,-0.9254230741313862,30.922472472933546,2.945948139959267,1325133.7997559018,(2507379.6106009847+0j),(0.9999864807345855+0.005513208169859949j),(0.9999864807345855-0.005513208169859949j),(3.77320388395628e-07+0j),(-0.3948567222494461+0.9187427109340282j),(-0.3948567222494461-0.9187427109340282j)
468,0.9592610568273436,-0.9264484982874523,30.93125253393384,2.9457553496680604,2693905.739615067,(2499059.7460335596+0j),(0.9999956882834089+0.00217843234886315j),(0.9999956882834089-0.00217843234886315j),(1.856041184542197e-07+0j),(-0.37614112530743066+0.9265623852997948j),(-0.37614112530743066-0.9265623852997948j)
469,0.9593179734591988,-0.9274603507037504,30.93989674351089,2.945565224732208,1245457.9704337032,(2490915.940867005+0j),(0.9999986896141503+0.003384775074149601j),(0.9999986896141503-0.003384775074149601j),(8.789561665499352e-07+0j),(-0.3574580019497351+0.9339292140425233j),(-0.3574580019497351-0.9339292140425233j)
470,0.959377130839686,-0.9285149849058352,30.948885637682785,2.945367180201985,7264069.552806174,(2482497.2772084437+0j),(1.003032225763552+0j),(0.9969681837754112+0j),(6.883194005305854e-08+0j),(-0.3377581992812234+0.9412329142238383j),(-0.3377581992812234-0.9412329142238383j)
471,0.9594386161589468,-0.929614320461338,30.958232903038414,2.945160869379091,41498080.04432549,(2473796.5995140476+0j),(0.99999770404544+0.0005304249199876391j),(0.99999770404544-0.0005304249199876391j),(1.2048750194368831e-08+0j),(-0.31697795298124964+0.9484329060739037j),(-0.31697795298124964-0.9484329060739037j)
472,0.959502519956494,-0.9307603733957436,30.967952763692683,2.94494592868988,1872075.370913036,(2464807.466465583+0j),(1.000000519123124+0.0017448282757984344j),(1.000000519123124-0.0017448282757984344j),(2.6708326372360697e-07+0j),(-0.2950489225789732+0.9554821470257655j),(-0.2950489225789732-0.9554821470257655j)
473,0.9595689362514348,-0.9319552620239412,30.978060001730864,2.944721976687388,3721816.081012033,(2455522.235268402+0j),(0.9999981833170818+0.002466034610873448j),(0.9999981833170818-0.002466034610873448j),(1.3434301671995826e-07+0j),(-0.27189782747578156+0.962326125289101j),(-0.27189782747578156-0.962326125289101j)
474,0.9596149590910462,-0.9327855240884952,30.985066829065268,2.944566452682911,1224561.309840168,(2449122.619679928+0j),(1.0009313115791338+0j),(0.9990646189012172+0j),(4.6379669611323215e-07+0j),(-0.25563918672022246+0.9667722618140263j),(-0.25563918672022246-0.9667722618140263j)
475,0.9596654897076716,-0.9336992582554172,30.992762794132076,2.944395375191582,1221064.3901705565,(2442128.780340703+0j),(1.000000678765077+0.0033164512122350527j),(1.000000678765077-0.0033164512122350527j),(4.818375700774619e-07+0j),(-0.23758331909740954+0.9713671635826712j),(-0.23758331909740954-0.9713671635826712j)
476,0.9597180151571304,-0.9346514617270189,31.00076568339472,2.944217186198058,1217447.01187636,(2434894.0237523094+0j),(0.9999911247644717+0.004961828833796966j),(0.9999911247644717-0.004961828833796966j),(4.235151197297597e-07+0j),(-0.21858656485901756+0.9758175616697597j),(-0.21858656485901756-0.9758175616697597j)
477,0.959772613424914,-0.9356438447532356,31.00908768984602,2.944031576203568,1213706.6837268972,(2427413.3674533824+0j),(0.9999934211515507+0.0038804341404867844j),(0.9999934211515507-0.0038804341404867844j),(7.526724812560083e-07+0j),(-0.19859265105692875+0.9800821184707785j),(-0.19859265105692875-0.9800821184707785j)
478,0.9598293655113151,-0.936678201958038,31.01774148606116,2.9438382208696057,2189853.494015833,(2419679.6087426078+0j),(1.001830095886535+0j),(0.9981668985274189+0j),(2.2832577675463937e-07+0j),(-0.17754143566227926+0.9841133261078059j),(-0.17754143566227926-0.9841133261078059j)
479,0.9598852164729172,-0.9376989624089844,31.026261291776382,2.9436475114485763,1206055.1133159825,(2412110.22663155+0j),(1.001968295170769+0j),(0.9980350084785512+0j),(7.82899296508895e-07+0j),(-0.1565560093987255+0.9876690821935881j),(-0.1565560093987255-0.9876690821935881j)
480,0.9599432707374762,-0.9387629797168856,31.03512072292748,2.943448829324282,1202142.7272902492,(2404285.4545800826+0j),(0.9999971174493929+0.0017753176495113397j),(0.9999971174493929-0.0017753176495113397j),(4.909045948316876e-07+0j),(-0.13445915885731347+0.9909191362565218j),(-0.13445915885731347-0.9909191362565218j)
481,0.9600036143975542,-0.9398722029004318,31.04433325601044,2.943241823101859,1198099.9870479223,(2396199.9740954274+0j),(1.0025580751020637+0j),(0.9974475588750584+0j),(5.135988422176826e-07+0j),(-0.11118314676858948+0.9937999335251628j),(-0.11118314676858948-0.9937999335251628j)
482,0.9600663368810936,-0.9410286795706388,31.05391289587816,2.943026124092284,1903997.224283038,(2387845.8661681227+0j),(0.9999951697812287+0.0025901116851025398j),(0.9999951697812287-0.0025901116851025398j),(2.626054248520833e-07+0j),(-0.08665549278826826+0.9962383377333008j),(-0.08665549278826826-0.9962383377333008j)
483,0.960131531083178,-0.9422345619403129,31.06387419573585,2.9428013452756816,2987557.943070777,(2379218.7641098304+0j),(1.0029315506353402+0j),(0.9970840943654655+0j),(1.673607707457839e-07+0j),(-0.060798593093397205+0.9981500543895445j),(-0.060798593093397205-0.9981500543895445j)
484,0.9601767104637364,-0.9430725384758696,31.0707797735168,2.9426452250677007,1433458.7002202305,(2373271.6805372164+0j),(0.9999941343190782+0.003127346431454271j),(0.9999941343190782-0.003127346431454271j),(3.488067008301272e-07+0j),(-0.042662015933916435+0.9990895617493214j),(-0.042662015933916435-0.9990895617493214j)
485,0.9602263181963888,-0.943994834222272,31.07836445662237,2.942473470909089,2473837.512263637,(2366773.5385177247+0j),(0.9999944243527339+0.003270565874634325j),(0.9999944243527339-0.003270565874634325j),(2.0211513388464427e-07+0j),(-0.022541504491380482+0.9997459080062596j),(-0.022541504491380482-0.9997459080062596j)
486,0.9602778878634068,-0.9449560393738132,31.086251542593622,2.942294553922075,2055713.334907553,(2360052.991429274+0j),(1.00097372679321+0j),(0.9990251918179567+0j),(2.4322457392752913e-07+0j),(-0.0013955515459554424+0.9999990262174572j),(-0.0013955515459554424-0.9999990262174572j)
487,0.960331496446401,-0.9459578903217462,31.09445303712189,2.942108160461468,3628786.569823828,(2353102.1150229257+0j),(0.9999787676864242+0.0061359774325915935j),(0.9999787676864242-0.0061359774325915935j),(1.3778710606953214e-07+0j),(0.02083563468350608+0.9997829146006245j),(0.02083563468350608-0.9997829146006245j)
488,0.9603872239251594,-0.9470022096508058,31.1029814173604,2.9419139616897607,1616403.5505411448,(2345918.690482461+0j),(0.9999927577755396+0.002359653342000995j),(0.9999927577755396-0.002359653342000995j),(3.0932869445421364e-07+0j),(0.04421587462436416+0.9990219999735672j),(0.04421587462436416-0.9990219999735672j)
489,0.9604420706426424,-0.9480328949560544,31.11137764893003,2.9417223931242926,2432681.1553686853,(2338887.9302638685+0j),(0.9999975491506709+0.0026070198478783425j),(0.9999975491506709-0.0026070198478783425j),(2.0553453908111668e-07+0j),(0.06749678792799829+0.9977194914500723j),(0.06749678792799829-0.9977194914500723j)
490,0.960499085346762,-0.9491073566390692,31.120108473505667,2.9415227871765026,1375943.7860783893,(2331620.915671977+0j),(1.0019330169204415+0j),(0.9980692473879313+0j),(3.633869385210337e-07+0j),(0.09198327013499397+0.9957605525502891j),(0.09198327013499397-0.9957605525502891j)
491,0.960558353092268,-0.9502275753031472,31.129187157935387,2.9413147872267627,4460309.747343243,(2324111.2339775087+0j),(0.9999965646036061+0.0027722040104318398j),(0.9999965646036061-0.0027722040104318398j),(1.1209983797601238e-07+0j),(0.11774698922696113+0.9930436277062392j),(0.11774698922696113-0.9930436277062392j)
492,0.9606199622557596,-0.951395632398916,31.13862748820824,2.941098018913649,1158176.941798973,(2316353.8835975137+0j),(0.9999979109349646+0.0017122785874571422j),(0.9999979109349646-0.0017122785874571422j),(6.808594557075621e-07+0j),(0.14486453016858125+0.9894514985076364j),(0.14486453016858125-0.9894514985076364j)
493,0.9606840046688736,-0.9526137164205084,31.14844378899128,2.9408720890564197,1154171.0969247487,(2308342.1938490644+0j),(0.9999930160906632+0.003841311833675278j),(0.9999930160906632-0.003841311833675278j),(4.717169664252841e-07+0j),(0.17341777275371695+0.9848483518253595j),(0.17341777275371695-0.9848483518253595j)
494,0.9607283890899512,-0.9534602479083788,31.15524876314589,2.940715147354262,1151410.8392121776,(2302821.6784239206+0j),(5.217957087119732e-07+0j),(1.0000000113831884+0.0020979185801045497j),(1.0000000113831884-0.0020979185801045497j),(0.19342551592786544+0.9811149625747357j),(0.19342551592786544-0.9811149625747357j)
495,0.9607771269840684,-0.9543920313385096,31.16272286888224,2.940542468575897,1148394.4383541194,(2296788.8767078035+0j),(1.0038513608463517+0j),(0.9961532270207368+0j),(5.471424541117503e-07+0j),(0.21560303742999193+0.9764810956956362j),(0.21560303742999193-0.9764810956956362j)
496,0.9608277957814254,-0.9553632045266496,31.170494878786226,2.940362565182847,1311690.63679409,(2290549.374958412+0j),(0.9999985174222532+0.0004927130661116893j),(0.9999985174222532-0.0004927130661116893j),(3.8118744311701827e-07+0j),(0.23889003979840426+0.9710466254949367j),(0.23889003979840426-0.9710466254949367j)
497,0.9608804715145568,-0.9563755319121782,31.17857661162533,2.940175118907811,1518523.1012492487,(2284098.2959867213+0j),(3.2926729898854846e-07+0j),(0.9999982940833541+0.000633449881497497j),(0.9999982940833541-0.000633449881497497j),(0.26334981182854045+0.9647004076965331j),(0.26334981182854045-0.9647004076965331j)
498,0.96093231890449,-0.9573746283326798,31.18653307194035,2.939990202272796,1138891.584105902,(2277783.168211365+0j),(0.9999879341452464+0.005037432131946768j),(0.9999879341452464-0.005037432131946768j),(4.86243131954623e-07+0j),(0.287675123620188+0.9577280528678789j),(0.287675123620188-0.9577280528678789j)
499,0.960989249815329,-0.958474771712013,31.195271650370017,2.9397866739483427,1182261.0045588785,(2270890.2522537513+0j),(0.9999978991743401+0.0026428267293235773j),(0.9999978991743401-0.0026428267293235773j),(4.229184571529092e-07+0j),(0.3146724489480902+0.9492003212562635j),(0.3146724489480902-0.9492003212562635j)
500,0.9610452845262768,-0.9595607695575752,31.20387464346505,2.9395858543492475,1132073.0564215584,(2264146.1128426753+0j),(5.398251633560387e-07+0j),(0.9999966171109309+0.0018995286390151062j),(0.9999966171109309-0.0018995286390151062j),(0.34153923233817796+0.9398675187353984j),(0.34153923233817796-0.9398675187353984j)
501,0.9611035379760052,-0.9606931236960478,31.212820277444703,2.939376558435036,1187187.8659402956,(2257178.179433424+0j),(1.0015119908870147+0j),(0.9984880942149461+0j),(4.211633342496056e-07+0j),(0.3697807424254231+0.9291190464796706j),(0.3697807424254231-0.9291190464796706j)
502,0.9611640975460758,-0.9618739517720118,31.22212211959101,2.939158405587732,1124990.342597203,(2249980.6851939624+0j),(6.497209786965215e-07+0j),(1.0000010874883678+0.0020736243479080145j),(1.0000010874883678-0.0020736243479080145j),(0.3994776380757381+0.9167429392569227j),(0.3994776380757381-0.9167429392569227j)
503,0.9612270540612726,-0.9631054810516614,31.23179426611585,2.9389309958481937,1327223.395895145,(2242548.566554459+0j),(1.0021357925124168+0j),(0.9978755419073978+0j),(3.7672633073413117e-07+0j),(0.4307160536490333+0.9024874963837413j),(0.4307160536490333-0.9024874963837413j)
504,0.9612706889778184,-0.9639614330085036,31.238499216603543,2.9387730040422357,1118713.2587451972,(2237426.5174899474+0j),(0.9999951862923371+0.0030292261425532083j),(0.9999951862923371-0.0030292261425532083j),(7.873206172958373e-07+0j),(0.45258709249235873+0.8917202048340587j),(0.45258709249235873-0.8917202048340587j)
505,0.9613186067484236,-0.9649036579993144,31.24586337653391,2.9385991489328207,3649431.224496852,(2231831.2244157484+0j),(1.0042699800417048+0j),(0.9957420487203416+0j),(1.3700765112211273e-07+0j),(0.4768128751998172+0.8790048248125117j),(0.4768128751998172-0.8790048248125117j)
506,0.9613684261407008,-0.9658857947677968,31.253520961009627,2.9384179966858777,1328571.002713016,(2226043.898266486+0j),(0.9999965677553997+0.0026965857696946618j),(0.9999965677553997-0.0026965857696946618j),(3.7634420665440003e-07+0j),(0.5022317176999529+0.8647330812083844j),(0.5022317176999529-0.8647330812083844j)
507,0.961420222289338,-0.9669096377913502,31.261483602049296,2.9382292239140457,1110030.5975028544,(2220061.1950052585+0j),(0.9999951842778704+0.004582131989677416j),(0.9999951842778704-0.004582131989677416j),(8.881588871538964e-07+0j),(0.5289103862689858+0.8486776792733401j),(0.5289103862689858-0.8486776792733401j)
508,0.9614712073703376,-0.9679201867529346,31.269322709464618,2.9380429734232867,1872387.7162563168,(2214204.9627245916+0j),(2.670387098029803e-07+0j),(0.9999820481715658+0.005957211967597111j),(0.9999820481715658-0.005957211967597111j),(0.5554222947943848+0.8315684424299288j),(0.5554222947943848-0.8315684424299288j)
509,0.96152719535439,-0.9690330412722128,31.2779322754781,2.9378379480110213,1103907.1784717033,(2207814.3569429535+0j),(7.441265855204596e-07+0j),(0.9999986593414484+0.0024884347921768487j),(0.9999986593414484-0.0024884347921768487j),(0.5848235598856657+0.8111605289969679j),(0.5848235598856657-0.8111605289969679j)
510,0.9615823059916564,-0.970131689765723,31.28640812981898,2.937635621510255,1203116.683996284,(2201562.367135157+0j),(1.0032725857276124+0j),(0.9967381974444196+0j),(4.155872881251064e-07+0j),(0.6140594454834727+0.7892597781545261j),(0.6140594454834727-0.7892597781545261j)
511,0.9616396029885228,-0.9712773432999128,31.29522142505106,2.937424723681844,1097551.258630095,(2195102.5172597347+0j),(0.9999970483395868+0.003474863473619708j),(0.9999970483395868-0.003474863473619708j),(8.282187311807575e-07+0j),(0.6447670123073757+0.7643791597369797j),(0.6447670123073757-0.7643791597369797j)
512,0.961699172783952,-0.9724721581447212,31.304385509659475,2.9372048670420154,1094215.839792688,(2188431.6795849195+0j),(7.902287850747314e-07+0j),(1.0030144843188193+0j),(0.9969925709297878+0j),(0.6770309841823633+0.7359545138505924j),(0.6770309841823633-0.7359545138505924j)
513,0.9617611052485198,-0.9737184029117808,31.313914251218637,2.9369756442082045,1090771.7590851083,(2181543.518169759+0j),(1.0000003336525554+0.0012250421877637715j),(1.0000003336525554-0.0012250421877637715j),(7.748092041995102e-07+0j),(0.7109417362056372+0.7032509137718246j),(0.7109417362056372-0.7032509137718246j)
514,0.9618040333238866,-0.9745846595410944,31.32051969115553,2.936816370549643,1373808.2058862934,(2176797.763258457+0j),(1.002375711737464+0j),(0.9976250678743194+0j),(3.6395182228329913e-07+0j),(0.7346671439558938+0.6784277320331824j),(0.7346671439558938-0.6784277320331824j)
515,0.9618511776308254,-0.9755383007132894,31.327774462834075,2.9366410838457018,1260567.8329887537,(2171612.6287359847+0j),(0.9999969674210263+0.001096949912687078j),(0.9999969674210263-0.001096949912687078j),(3.9664664361187097e-07+0j),(0.7609313594918685+0.6488323867855726j),(0.7609313594918685-0.6488323867855726j)
516,0.961900195917673,-0.976532418421083,31.335318194894587,2.9364584164869005,1083125.750103607,(2166251.5002067527+0j),(6.287336244774909e-07+0j),(0.9999970536602791+0.002926769078773829j),(0.9999970536602791-0.002926769078773829j),(0.7884718109573294+0.6150708929267105j),(0.7884718109573294-0.6150708929267105j)
517,0.9619511624689924,-0.9775688392333411,31.3431623325747,2.9362680394473406,1080355.0692177927,(2160710.1384351226+0j),(4.967176157055775e-07+0j),(1.002420082138042+0j),(0.9975935734040796+0j),(0.8173587322803333+0.5761290678008445j),(0.8173587322803333-0.5761290678008445j)
518,0.962001334217678,-0.9785918906959316,31.350884658931875,2.936080180721108,1077642.9844097665,(2155285.9688190687+0j),(5.935776371048385e-07+0j),(0.9999954361743987+0.004175329201840756j),(0.9999954361743987-0.004175329201840756j),(0.8460467641385965+0.5331086876900298j),(0.8460467641385965-0.5331086876900298j)
519,0.9620535003862006,-0.979658563974092,31.358914441446245,2.9358843770093315,1074840.5462943937,(2149681.0925883222+0j),(1.0026884952017838+0j),(0.9973166108796542+0j),(6.143130143140838e-07+0j),(0.8761407583809067+0.4820553614510729j),(0.8761407583809067-0.4820553614510729j)
520,0.9621077400822088,-0.9807708456341572,31.36726384513765,2.935680270825391,2830830.5767445024,(2143888.998327744+0j),(1.766266070839969e-07+0j),(0.9999972613634301+0.003086268247758351j),(0.9999972613634301-0.003086268247758351j),(0.9077189858548402+0.419578649026213j),(0.9077189858548402-0.419578649026213j)
521,0.9621641355660888,-0.9819308242948034,31.37594550853569,2.935467486532871,1496208.8959681347,(2137906.522957+0j),(3.341779355459096e-07+0j),(1.0031533388086518+0j),(0.9968454270493585+0j),(0.9408647747755627+0.33878234249520134j),(0.9408647747755627-0.33878234249520134j)
522,0.9622227723814548,-0.9831406969462804,31.38497256123235,2.9352456292207307,1065864.3597822574,(2131728.719564046+0j),(4.925595052086285e-07+0j),(1.0010196445482797+0j),(0.9989847215107854+0j),(0.975666881204682+0.2192581513201265j),(0.975666881204682-0.2192581513201265j)
523,0.9622837394918698,-0.9844027757606602,31.394358641975565,2.93501428348894,3624910.597741868,(2125350.7543994663+0j),(1.3793443631726632e-07+0j),(1.002971503199359+0j),(0.9970239849899235+0j),(1.1690290934528882+0j),(0.8554107041479624+0j)
524,0.9623260012013528,-0.9852801154261756,31.40086508092215,2.934853512540131,1255096.4532204242,(2120957.4420228396+0j),(3.9837575727119656e-07+0j),(1.002199256215938+0j),(0.9978040127329326+0j),(1.3152404625029148+0j),(0.7603172412267426+0j)
525,0.9623724162975767,-0.9862460304895078,31.40801101800644,2.934676556973233,56426879.02093968,(2116157.338741595+0j),(8.861025253841402e-09+0j),(0.9999933948220061+0.0018845803949157213j),(0.9999933948220061-0.0018845803949157213j),(1.4354921050565974+0j),(0.6966252175664777+0j)
526,0.9624206792716128,-0.987253024181048,31.415441466621942,2.9344921270465147,3476148.2053994704,(2111195.3277155263+0j),(-1.4383736551375017e-07+0j),(0.9999943042901576+0.0030798476143189053j),(0.9999943042901576-0.0030798476143189053j),(1.543527281778104+0j),(0.6478667476793861+0j)
527,0.9624708636011988,-0.9883029569323402,31.423167685187277,2.934299887617516,1166816.4872179956,(2106066.864780738+0j),(4.2851639951731086e-07+0j),(0.9999979306717512+0.0034847697765785094j),(0.9999979306717512-0.0034847697765785094j),(1.6460028117230194+0j),(0.6075323765414562+0j)
528,0.9625202684183194,-0.989339434023612,31.430773798205905,2.9341101657195456,1050524.583162285,(2101049.166324094+0j),(6.095022762053759e-07+0j),(1.0036639616103638+0j),(0.996352256544734+0j),(1.740750273537144+0j),(0.5744649391713289+0j)
529,0.9625716404143826,-0.9904201983138886,31.438682607095508,2.933912393190592,1437890.3167732577,(2095862.9049039395+0j),(3.4773166921528546e-07+0j),(1.0000021164460542+0.002709036801988749j),(1.0000021164460542-0.002709036801988749j),(1.8348920888268032+0j),(0.5449911774590418+0j)
530,0.9626250578721236,-0.9915472743401968,31.446906075993518,2.9337062055666725,1045252.7772390256,(2090505.554477573+0j),(7.232126293388319e-07+0j),(1.0023121442405936+0j),(0.9976954372902888+0j),(1.9294102221493783+0j),(0.5182930972999531+0j)
531,0.9626806022136466,-0.9927227912568952,31.455456633466504,2.9334912197005893,1042486.0766051024,(2084972.153209725+0j),(6.268988209241261e-07+0j),(0.9999999826337231+0.003001315335427698j),(0.9999999826337231-0.003001315335427698j),(2.0250299187856022+0j),(0.4938198644490565+0j)
532,0.9627383581317228,-0.9939489893593066,31.46434718958645,2.9332670325908228,1431405.464312766,(2079259.3005412547+0j),(3.493070359628092e-07+0j),(1.0018050705000154+0j),(0.9981936466727864+0j),(2.1223274657642675+0j),(0.47118082206032735+0j)
533,0.9627783963548234,-0.9948013600703708,31.47051008366801,2.933111232613792,12925678.665691754,(2075323.4798651743+0j),(3.868268838580491e-08+0j),(1.0018078117520672+0j),(0.9981982932324236+0j),(2.1888003587862754+0j),(0.456871270139275+0j)
534,0.962822371759743,-0.995739759739872,31.47727866576493,2.9329397449884285,1035511.7982026374,(2071023.5964047918+0j),(1.0558723018139204e-06+0j),(1.0030717293097993+0j),(0.9969422874052074+0j),(2.261084696981013+0j),(0.4422656087740494+0j)
535,0.962868100460576,-0.996718038638776,31.484316686135827,2.932761010293383,1080315.6783285243,(2066576.9364015516+0j),(4.628276808624237e-07+0j),(1.0000005703422805+0.001373340525270028j),(1.0000005703422805-0.001373340525270028j),(2.3356032341101347+0j),(0.42815491321281307+0j)
536,0.9629156523556208,-0.997737999659432,31.49163480266711,2.9325747034785574,3029616.462888651,(2061980.2927769772+0j),(1.6503739206753522e-07+0j),(0.9999915744467682+0.0037117498124839177j),(0.9999915744467682-0.0037117498124839177j),(2.412539155041884+0j),(0.4145010446400934+0j)
537,0.9629651001489804,-0.9988015369595572,31.499244087985563,2.9323804831478157,1028615.8054398232,(2057231.61087916+0j),(5.442965942403788e-07+0j),(1.00358971450021+0j),(0.9964261449160904+0j),(2.4920790526771714+0j),(0.40127137978457345+0j)
538,0.9630137827024428,-0.9998515284728458,31.506734954809502,2.932188781760988,2012514.4479994357,(2052584.5215651235+0j),(2.4844542134694336e-07+0j),(1.0037557239247987+0j),(0.9962490601539287+0j),(2.5700400717747094+0j),(0.38909899148360555+0j)
539,0.963064406648514,-1.0009464735856672,31.514523792079142,2.931988919835639,1023891.5971685852,(2047783.194336682+0j),(0.9999981877966615+0.002464851952650212j),(0.9999981877966615-0.002464851952650212j),(4.920018416904646e-07+0j),(2.6508457940696473+0j),(0.37723808840075623+0j)
540,0.9631170494766116,-1.0020884346227903,31.522622364071136,2.9317805257869427,1021412.2616049086,(2042824.5232093278+0j),(1.0029156393258936+0j),(0.9970940181077864+0j),(6.88735281061493e-07+0j),(2.734682856996752+0j),(0.3656731154186601+0j)
541,0.9631717918012892,-1.0032795810630013,31.531042890412717,2.931563208809353,1025558.2334979892,(2037703.2487844736+0j),(0.9999965271658899+0.003606251355340186j),(0.9999965271658899-0.003606251355340186j),(4.875393553174562e-07+0j),(2.8217467754593653+0j),(0.35439041117969433+0j)
542,0.9632287174941622,-1.0045221962644009,31.53979806267682,2.931336557659036,1068175.2132810904,(2032417.5346538164+0j),(1.0000007936137172+0.0020606667595503684j),(1.0000007936137172-0.0020606667595503684j),(4.6808800071691466e-07+0j),(0.3433779380113352+0j),(2.9122430106939197+0j)
543,0.9632681824007768,-1.0053860472944247,31.54586699881064,2.931179025374353,1375618.9949108514,(2028776.2338330536+0j),(1.0003518063761494+0j),(0.9996497201798084+0j),(3.634727361644706e-07+0j),(2.974998272521028+0j),(0.33613464896320555+0j)
544,0.9633115302046898,-1.0063371506328416,31.55253228374896,2.931005612152114,1012399.2794283004,(2024798.5588561068+0j),(0.9999993078328935+0.0030900366810616992j),(0.9999993078328935-0.0030900366810616992j),(6.684451899079661e-07+0j),(3.0439751786695686+0j),(0.32851779048903396+0j)
545,0.9633566085999248,-1.0073287450703534,31.559462777168637,2.930824849471886,1010343.167846282,(2020686.335692069+0j),(0.9999956330517705+0.002221463529089942j),(0.9999956330517705-0.002221463529089942j),(5.734198890363282e-07+0j),(3.1157865868209846+0j),(0.3209462433113237+0j)
546,0.9634034867615544,-1.0083626670830823,31.56666895869205,2.930636405952674,1008218.436311224,(2016436.872621952+0j),(1.0028537844669607+0j),(0.9971495206748718+0j),(6.262487488199725e-07+0j),(3.1905814223073707+0j),(0.31342249817176837+0j)
547,0.963449641901258,-1.0093833828900147,31.573762936942764,2.9304504038528028,1082239.0939388918,(2012278.3574428018+0j),(0.9999952719125471+0.0022345428045724386j),(0.9999952719125471-0.0022345428045724386j),(4.6200511772340305e-07+0j),(3.2643651170136927+0j),(0.30633828145879827+0j)
548,0.9635003385720776,-1.010507683537493,31.581553671539325,2.930245564354522,1483326.8886747118,(2007741.1900573196+0j),(1.001044000275709+0j),(0.9989511849694654+0j),(3.370801162020228e-07+0j),(3.3456002569447083+0j),(0.29890002486825457+0j)
549,0.9635502536047016,-1.0116178875761133,31.58922292767622,2.9300433317386103,1650001.1340012725,(2003304.4251141958+0j),(0.9999981207679781+0.0006671049357262415j),(0.9999981207679781-0.0006671049357262415j),(3.030300947657775e-07+0j),(3.4258054218193963+0j),(0.29190215930855073+0j)
550,0.9636021622766652,-1.0127758598404113,31.5971969981443,2.929832437402492,2569587.043507919,(1998722.3811954213+0j),(0.9999953794528291+0.0005463482562515354j),(0.9999953794528291-0.0005463482562515354j),(1.945837955804115e-07+0j),(3.5094746934867485+0j),(0.28494292945206945+0j)
551,0.96365614443014,-1.0139838125139813,31.60548789279108,2.929612482250368,4082504.883886938,(1993992.7402820233+0j),(1.0032876860710576+0j),(0.9967203366521996+0j),(1.2247382776526144e-07+0j),(3.5967944717765277+0j),(0.27802533835248144+0j)
552,0.9637122831506728,-1.0152440745366087,31.61410808370917,2.9293830461252712,1132473.312387691,(1989110.6377169774+0j),(0.9999966813918696+0.001761545703715127j),(0.9999966813918696-0.001761545703715127j),(4.415115080689225e-07+0j),(3.687963082791718+0j),(0.2711523888799377+0j)
553,0.963751204569984,-1.0161202620781562,31.62008333313053,2.929223558054491,1130474.5602504015,(1985748.8356392374+0j),(1.0037112444419076+0j),(0.9962908491198025+0j),(4.4229212897046276e-07+0j),(3.751400290851826+0j),(0.2665671275972941+0j)
554,0.9637939573891566,-1.0170850130037674,31.62664561139285,2.929047972827957,991038.3902402198,(1982076.780479935+0j),(0.9999990039340253+0.0017058207185560578j),(0.9999990039340253-0.0017058207185560578j),(6.732878370239256e-07+0j),(3.821309517333472+0j),(0.261690395782921+0j)
555,0.9638384192330746,-1.018090908476835,31.63346887158048,2.9288649248611147,989140.517234392,(1978281.0344682783+0j),(0.9999912315192152+0.004912152181480875j),(0.9999912315192152-0.004912152181480875j),(6.912498252838484e-07+0j),(3.8942760422345777+0j),(0.256787138136768+0j)
556,0.9638846585856624,-1.0191398205635254,31.64056341438876,2.9286740759072725,1016569.6224328504,(1974359.986022044+0j),(1.0037019835756804+0j),(0.9963003440796795+0j),(4.918502274379623e-07+0j),(3.970454777056432+0j),(0.2518603173063701+0j)
557,0.9639301871105572,-1.0201754134949983,31.64754735135564,2.928485676499058,985261.9536358332,(1970523.9072711589+0j),(1.0024575811603638+0j),(0.9975481406148088+0j),(8.444865220852501e-07+0j),(4.045766892855079+0j),(0.247171927222505+0j)
558,0.9639775362237438,-1.0212553852519832,31.65480888420557,2.9282892302210684,983280.245872824,(1966560.4917451395+0j),(0.999997926138358+0.0023801134115025986j),(0.999997926138358-0.0023801134115025986j),(9.283446047410992e-07+0j),(4.124421545068588+0j),(0.24245824270694352+0j)
559,0.9640267789585624,-1.0223817741614367,31.662358953722656,2.9280843686929368,4372286.75392534,(1962467.5407738984+0j),(1.0034293896334026+0j),(0.9965675300113875+0j),(1.1435663490074565e-07+0j),(4.206590641407068+0j),(0.2377222043325585+0j)
560,0.9640779913182796,-1.0235567245074897,31.670208922334645,2.9278707043541843,979120.847909019,(1958241.6958175274+0j),(0.9999972695341978+0.003601286328182057j),(0.9999972695341978-0.003601286328182057j),(5.577087077248676e-07+0j),(4.292456725505394+0j),(0.23296682155422133+0j)
561,0.9641312524027128,-1.024782493166842,31.67837058928803,2.9276478292440675,1184372.4357289532,(1953880.304848588+0j),(0.9999975924359401+0.0014593133034783306j),(0.9999975924359401-0.0014593133034783306j),(4.2216450241207363e-07+0j),(4.382213753741183+0j),(0.22819516714497437+0j)
562,0.9641866445410248,-1.0260614567621535,31.686856206234115,2.92741531368293,1283389.460259699,(1949380.4343390735+0j),(0.999996990716782+0.0010608015391821118j),(0.999996990716782-0.0010608015391821118j),(3.89593350641121e-07+0j),(4.47606793429941+0j),(0.22341037148635726+0j)
563,0.9642250503115902,-1.0269507148874293,31.692738043620896,2.9272536648124072,973140.9875928533,(1946281.9751851927+0j),(0.9999950885391613+0.004185607400645646j),(0.9999950885391613-0.004185607400645646j),(1.1251436431651721e-06+0j),(4.541450476928369+0j),(0.2201939677819289+0j)
564,0.9642672385701144,-1.0279299224046092,31.699197609538093,2.9270756815622256,971449.777643823,(1942899.555287131+0j),(1.004292472340841+0j),(0.9957214801019801+0j),(5.676978480175146e-07+0j),(4.613569841499767+0j),(0.216751893729851+0j)
565,0.964311115330912,-1.028950963238901,31.705913934289224,2.9268901123286533,13344661.978052936,(1939402.3260825975+0j),(0.999988277605224+0.004086208864549107j),(0.999988277605224-0.004086208864549107j),(3.7468165235081783e-08+0j),(4.68891128737912+0j),(0.21326912340860554+0j)
566,0.9643567484144944,-1.0300157467239568,31.71289713899496,2.9266966115127846,1199071.2530019388,(1935791.7021711222+0j),(1.00405495518053+0j),(0.99594985866982+0j),(4.1698939804311897e-07+0j),(4.767637376826771+0j),(0.20974749565907583+0j)
567,0.9644016821787756,-1.0310670878066457,31.719771321500517,2.9265055711354746,1974769.6304395332,(1932259.582127586+0j),(1.0021048572497193+0j),(0.9978947883357585+0j),(2.5319409023357565e-07+0j),(4.845530094745375+0j),(0.20637576909994898+0j)
568,0.964448415043342,-1.0321635652481396,31.72691857553477,2.926306346632339,1236518.919632996,(1928611.2319702795+0j),(0.9999917919855719+0.003955796920316313j),(0.9999917919855719-0.003955796920316313j),(4.0436097827640507e-07+0j),(4.926940081674521+0j),(0.2029657319599798+0j)
569,0.9644970193569224,-1.0333072589545664,31.73434964832564,2.9260985613115427,962422.5668072863,(1924845.1336140535+0j),(0.9999955189331254+0.0022189875211409593j),(0.9999955189331254-0.0022189875211409593j),(6.349323265367049e-07+0j),(5.012047391491514+0j),(0.19951926266652112+0j)
570,0.9645475704233774,-1.034500357488826,31.74207569974592,2.925881818704962,1277688.681614878,(1920957.8833910236+0j),(1.0031840433376202+0j),(0.9968112093398992+0j),(3.913316343760075e-07+0j),(5.101043039832706+0j),(0.1960383380793494+0j)
571,0.9646001466285348,-1.035745164914393,31.75010831699233,2.9256557012980764,958473.4396859348,(1916946.8793713478+0j),(0.9999965776853709+0.002423475514643433j),(0.9999965776853709-0.002423475514643433j),(5.271287172888782e-07+0j),(5.194129800672796+0j),(0.19252503082816766+0j)
572,0.9646366014757916,-1.036610632644613,31.7556760996282,2.9254985009570467,2006338.8095922037,(1914185.2271655435+0j),(0.9999991339598913+0.00041340186628070904j),(0.9999991339598913-0.00041340186628070904j),(2.4921015214855864e-07+0j),(5.258992053568956+0j),(0.19015050599313713+0j)
573,0.9646766480534626,-1.0375636031523796,31.761790710425167,2.9253254163142546,1661375.5101779292,(1911169.512997521+0j),(1.0031072702401036+0j),(0.9968923993583565+0j),(3.0095544140198415e-07+0j),(5.330548746022768+0j),(0.18759794678663774+0j)
574,0.964718298935256,-1.0385572406290144,31.768148309474345,2.9251449552684274,1064768.8527194927,(1908053.1226635054+0j),(1.0026398282165465+0j),(0.9973614727172004+0j),(4.695854867683966e-07+0j),(5.4053126957099975+0j),(0.1850031730437482+0j)
575,0.9647616186622076,-1.03959339664082,31.77475847016291,2.9249567820269773,952416.7654431504,(1904833.5308857756+0j),(0.9999997710802018+0.002243089639803805j),(0.9999997710802018-0.002243089639803805j),(6.353128222665323e-07+0j),(5.483444202445819+0j),(0.18236713333455723+0j)
576,0.96480427611496,-1.040616420750801,31.78126536881673,2.9247710027323666,1152731.5253255933,(1901684.3841637862+0j),(0.9999918318903096+0.005099189791928207j),(0.9999918318903096-0.005099189791928207j),(4.3375234303483386e-07+0j),(5.560755284640969+0j),(0.17983168631103771+0j)
577,0.9648511376014252,-1.0417433809778462,31.788410970863847,2.924566358351779,1330092.5212270657,(1898250.9774998212+0j),(1.0039148939738431+0j),(0.9960927563331012+0j),(3.759136992506355e-07+0j),(5.646117464504884+0j),(0.17711285786855935+0j)
578,0.9648972833514416,-1.0428563302700653,31.795444749675475,2.924364267015662,1216912.4157498162,(1894894.0333160274+0j),(0.9999954680980712+0.003910207056533199j),(0.9999954680980712-0.003910207056533199j),(4.1087591311327274e-07+0j),(5.730621732984469+0j),(0.17450113558258476+0j)
579,0.9649452792716176,-1.04401729047911,31.802757656366136,2.924153466000148,945714.9710888168,(1891429.9421771048+0j),(0.9999995889341847+0.000628135648243797j),(0.9999995889341847-0.000628135648243797j),(7.70045875742914e-07+0j),(5.818987834459925+0j),(0.1718511927586508+0j)
580,0.9649951999800338,-1.0452284939823404,31.81036064884116,2.9239335498150334,943927.6873573422,(1887855.3747141548+0j),(0.9999988376719484+0.003663742618538762j),(0.9999988376719484-0.003663742618538762j),(8.260677919243611e-07+0j),(5.911414814805586+0j),(0.1691642409352589+0j)
581,0.9650471231608844,-1.046492291519062,31.81826510280728,2.9237040912738994,1528080.066541182,(1884168.325998854+0j),(1.0011742715720826+0j),(0.9988163677072871+0j),(3.2720798533273617e-07+0j),(6.008113858549199+0j),(0.16644158608562704+0j)
582,0.9650831267596112,-1.0473710226239237,31.823743915273912,2.92354454993428,940815.3910998752,(1881630.7821992189+0j),(1.0016847720744078+0j),(0.9983148996482107+0j),(5.759704753499368e-07+0j),(6.075505798399539+0j),(0.1645953494544389+0j)
583,0.9651226790789724,-1.0483386545829971,31.829760690258517,2.923368870505876,939430.010791753,(1878860.0215829737+0j),(0.9999953142413075+0.004498902843470218j),(0.9999953142413075-0.004498902843470218j),(6.479511639873334e-07+0j),(6.1498642453312735+0j),(0.16260521535238592+0j)
584,0.9651638175052508,-1.0493476427259152,31.836016422445347,2.923185684879487,1018625.000651649,(1875998.0914346161+0j),(1.0020941359270426+0j),(0.9979010858244394+0j),(4.90857773646095e-07+0j),(6.227566783886019+0j),(0.16057635906650383+0j)
585,0.9652066059705392,-1.050399875192265,31.842520513081084,2.922994649764036,936521.0725028848,(1873042.145005236+0j),(0.9999960860148562+0.0033692510019441577j),(0.9999960860148562-0.0033692510019441577j),(5.442479141619764e-07+0j),(6.308780411675325+0j),(0.15850924184163498+0j)
586,0.9652487419959618,-1.0514388408488056,31.848922841168125,2.922806024151182,1232144.8952283857,(1870152.531916642+0j),(1.0023945263466791+0j),(0.9976041412506891+0j),(4.057964302221163e-07+0j),(6.389151420451188+0j),(0.15651530761958163+0j)
587,0.965292568531381,-1.0525224287329908,31.855579263060093,2.9226092973834588,1107350.962139467,(1867168.541893458+0j),(0.9999955434352676+0.0037018616366141428j),(0.9999955434352676-0.0037018616366141428j),(4.5152803139672416e-07+0j),(6.473166373932064+0j),(0.15448390204012774+0j)
588,0.9653381538032458,-1.0536526954230885,31.86249975786321,2.922404095134217,932044.5964769948,(1864089.192953453+0j),(0.9999996983043781+0.002001650474477395j),(0.9999996983043781-0.002001650474477395j),(7.075018895162981e-07+0j),(6.5610096235074655+0j),(0.15241556671661607+0j)
589,0.965385568840047,-1.0548318048263543,31.86969468579767,2.9221900233394207,2289154.445603481,(1860912.1657743142+0j),(1.003871266584717+0j),(0.9961434914629338+0j),(2.1842126072372137e-07+0j),(6.652876454529593+0j),(0.1503109229270563+0j)
590,0.9654348875931924,-1.0560620349126932,31.87717480154103,2.921966666927842,928817.0512348677,(1857634.102469197+0j),(0.9999953291392167+0.003126284738561524j),(0.9999953291392167-0.003126284738561524j),(5.42053113511579e-07+0j),(6.7489738638977546+0j),(0.1481706730780645+0j)
591,0.9654861870637796,-1.057345784972601,31.88495126788573,2.921733588447988,927127.8693040442,(1854255.738607549+0j),(1.0026620647260738+0j),(0.9973415979726383+0j),(5.911891740307089e-07+0j),(6.849521396722749+0j),(0.145995602039939+0j)
592,0.9655217596035748,-1.0582384490875385,31.890341223569735,2.9215715119028407,925965.032915418,(1851930.065830296+0j),(0.9999914927737337+0.005355538696533718j),(0.9999914927737337-0.005355538696533718j),(9.53521571085464e-07+0j),(6.919599894177739+0j),(0.1445170263155634+0j)
593,0.9655608397151376,-1.0592214803221462,31.896260279298225,2.9213930234954195,2446409.333119661,(1849393.2924887422+0j),(1.0007124792799276+0j),(0.9992855744284372+0j),(2.0438116926345304e-07+0j),(6.9969263460228985+0j),(0.142919898044732+0j)
594,0.9656014884770754,-1.060246588978048,31.902414256862382,2.921206889559012,923386.4712131508,(1846772.94242576+0j),(0.9999972759396005+0.0016527985827738546j),(0.9999972759396005-0.0016527985827738546j),(5.788857681205216e-07+0j),(7.077734064504285+0j),(0.14128815675842313+0j)
595,0.965643769230468,-1.0613157012665235,31.908812384351943,2.9210127588321564,922034.0187072268,(1844068.0374139114+0j),(0.9999999726098803+0.002154058421870681j),(0.9999999726098803-0.002154058421870681j),(8.446180160510514e-07+0j),(7.162196696394441+0j),(0.1396219682857137+0j)
596,0.965685406864012,-1.0623714022290958,31.9151102372354,2.920821055686678,920712.0108531156,(1841424.021705688+0j),(0.9999946871074616+0.004968036395043399j),(0.9999946871074616-0.004968036395043399j),(1.0565816774630353e-06+0j),(7.245786039825608+0j),(0.1380112515748669+0j)
597,0.9657287166650496,-1.0634725162777174,31.921657856771137,2.9206210970551583,919347.8800323976,(1838695.7600642513+0j),(0.9999980485154802+0.0014375720686834357j),(0.9999980485154802-0.0014375720686834357j),(1.0114345650036834e-06+0j),(7.3331679791734805+0j),(0.1363667112004124+0j)
598,0.965773766244522,-1.0646211423139609,31.92846503511925,2.9204124996447547,917940.4570472374,(1835880.9140939303+0j),(1.000001378208219+0.0022125324164391823j),(1.000001378208219-0.0022125324164391823j),(7.169781523614898e-07+0j),(7.424534120686918+0j),(0.13468858567350978+0j)
599,0.9658206259988762,-1.0658194892369306,31.935541936696676,2.920194859805193,916488.657792924,(1832977.3155853027+0j),(0.9999956850660771+0.0041520502154334055j),(0.9999956850660771-0.0041520502154334055j),(7.332047728666778e-07+0j),(7.520087393339792+0j),(0.13297717801599654+0j)
600,0.965869369230708,-1.0670698828767726,31.942899111017987,2.919967752208102,1049025.7566788993,(1829984.7393513601+0j),(1.0023190256939771+0j),(0.9976828217123326+0j),(4.766327202327795e-07+0j),(7.62004284910892+0j),(0.13123285784632924+0j)
601,0.9659200722753192,-1.0683747734705966,31.950547505812292,2.919730728418036,913450.1822320188,(1826900.3644634904+0j),(0.9999975078190966+0.0032487309287735403j),(0.9999975078190966-0.0032487309287735403j),(7.242991460324142e-07+0j),(7.724628543848798+0j),(0.1294560630745634+0j)
602,0.9659552325490166,-1.0692821976248787,31.955848536415644,2.91956588988261,2733506.6566430707,(1824779.1314507616+0j),(1.0028382799787312+0j),(0.9971582836359458+0j),(1.8291523043666196e-07+0j),(7.797522102898905+0j),(0.12824586923944345+0j)
603,0.9659938609788726,-1.0702815397814425,31.96166978824857,2.9193843422396166,1493029.4462873635,(1822465.090395452+0j),(1.003071297508242+0j),(0.996925553598822+0j),(3.3488957719044276e-07+0j),(7.877955110374156+0j),(0.12693649379687286+0j)
604,0.9660340412931292,-1.071323720609352,31.967721912366507,2.919194998447955,910038.2193991954,(1820076.4387978413+0j),(1.0000003170057454+0.0007177656225072518j),(1.0000003170057454-0.0007177656225072518j),(5.809820491866558e-07+0j),(7.962009409217573+0j),(0.1255964353473765+0j)
605,0.966073611421258,-1.0723527682914455,31.97367910752257,2.919008026166312,908870.8452486468,(1817741.6904967432+0j),(0.9999936245993858+0.004102259170188965j),(0.9999936245993858-0.004102259170188965j),(6.784216817880043e-07+0j),(8.04517772515492+0j),(0.12429806203948598+0j)
606,0.9661170859595112,-1.073486449257523,31.98022060487977,2.918802025011205,1138052.9913113946,(1815198.283042424+0j),(1.0005785415908541+0j),(0.999421320179678+0j),(8.137001293321621+0j),(4.3934685275414053e-07+0j),(0.12289539646758073+0j)
607,0.9661599011980884,-1.0746061220450702,31.986659274680097,2.9185985502686216,1183272.323662446,(1812714.4294278687+0j),(1.0009533997110092+0j),(0.9990505568123107+0j),(4.225569972366945e-07+0j),(8.227894148101461+0j),(0.12153778135693681+0j)
608,0.966204437982874,-1.0757741857869405,31.99335296936863,2.9183862604348825,1199573.8469445307,(1810153.003634124+0j),(1.0025253134176868+0j),(0.9974802574111835+0j),(4.168146890444897e-07+0j),(8.322930559307832+0j),(0.12014998717989998+0j)
609,0.9662507660936952,-1.0769928965942173,32.000311655438644,2.9181647415992678,1479663.7756944175,(1807512.2571292552+0j),(0.9999965989546917+0.0024570272047807827j),(0.9999965989546917-0.0024570272047807827j),(3.37914604799596e-07+0j),(8.422321298302856+0j),(0.11873211251172404+0j)
610,0.9662989581992067,-1.0782646305009431,32.007545674901095,2.9179335574598664,902395.9804730284,(1804791.9609455029+0j),(0.9999977183330699+0.003152539225229132j),(0.9999977183330699-0.003152539225229132j),(7.681834822449672e-07+0j),(8.5262897046671+0j),(0.11728430942859285+0j)
611,0.9663323780026524,-1.0791489408128925,32.01255943769906,2.9177727844257038,1412368.709519483,(1802921.2544258293+0j),(1.0025516221415247+0j),(0.9974481284900154+0j),(3.540152062489214e-07+0j),(8.598737023975328+0j),(0.11629614874973333+0j)
612,0.9663690949809508,-1.080122773556197,32.01806516610959,2.9175957186275605,1062900.021770976,(1800880.733677445+0j),(1.001396278066728+0j),(0.9986069688457335+0j),(4.7041112970063146e-07+0j),(8.678662360599079+0j),(0.11522513014677807+0j)
613,0.966407287809552,-1.0811382903539333,32.02378918152189,2.917411054030082,899387.1584781597,(1798774.3169557634+0j),(1.0015463158046976+0j),(0.998452511420755+0j),(8.481431878164983e-07+0j),(8.762168997687741+0j),(0.11412699301553765+0j)
614,0.9664470162242956,-1.0821973985946232,32.029740037815664,2.917218440531445,898300.6291742603,(1796601.258347964+0j),(1.0034591754416824+0j),(0.9965442817977949+0j),(6.329419570973113e-07+0j),(8.849433856761035+0j),(0.11300157910509787+0j)
615,0.9664861425048588,-1.0832432196808888,32.035597377399235,2.917028220596768,897239.2942196106,(1794478.588438664+0j),(1.0014005594853201+0j),(0.9986007665525616+0j),(9.29094260206064e-07+0j),(8.935777372384512+0j),(0.11190968153375079+0j)
616,0.9665268423462728,-1.0843340265277932,32.04168674607744,2.916829793356454,896144.5942698442,(1792289.1885391306+0j),(1.0000008503926185+0.0022164873362937763j),(1.0000008503926185-0.0022164873362937763j),(6.630764949119646e-07+0j),(9.026017968811926+0j),(0.11079082752276642+0j)
617,0.966569179524631,-1.08547189704776,32.04801721633886,2.916622776687927,895015.8281185672,(1790031.656236576+0j),(0.9999980714242582+0.00043071767005527597j),(0.9999980714242582-0.00043071767005527597j),(6.329604075590488e-07+0j),(9.120350552055461+0j),(0.10964490830615983+0j)
618,0.966613220451799,-1.086659017813355,32.05459820323602,2.9164067681181884,893852.7730286479,(1787705.5460567363+0j),(1.000002916680224+0.0018707208345238615j),(1.000002916680224-0.0018707208345238615j),(5.698750000395082e-07+0j),(9.218981382778429+0j),(0.10847185371998719+0j)
619,0.9666590342897048,-1.0878976908707425,32.06143947595513,2.9161813435033883,2117234.646851848,(1785308.5996679128+0j),(1.0019567155288143+0j),(0.998038356526586+0j),(2.361571027299626e-07+0j),(9.322128883238152+0j),(0.10727163425063585+0j)
620,0.966706693070143,-1.0891903410804098,32.06855116960393,2.915946055600898,893414.6823018363,(1782841.438781327+0j),(1.003958234929021+0j),(0.9960500304406726+0j),(5.59650529485292e-07+0j),(9.430024484869747+0j),(0.1060442633637477+0j)
621,0.9667397440004772,-1.0900892469583991,32.07347998898986,2.9157824121222573,1037359.2282685704,(1781144.8660233924+0j),(0.999996787015857+0.0021369857490310183j),(0.999996787015857-0.0021369857490310183j),(9.505206783211444+0j),(4.819931094020857e-07+0j),(0.10520549660910418+0j)
622,0.9667760566265772,-1.0910792013725197,32.078892285335805,2.9156021692941074,889648.1521227544,(1779296.3042449467+0j),(1.0013862489016838+0j),(0.9986211912739473+0j),(9.588147906822684+0j),(9.368547919991964e-07+0j),(0.10429542907744802+0j)
623,0.966813829857197,-1.0921115838973443,32.08451899191276,2.915414173836027,2090120.5087086535,(1777387.883946102+0j),(0.9999912656373255+0.0029872644256030007j),(0.9999912656373255-0.0029872644256030007j),(9.674803800347963+0j),(2.392206563768638e-07+0j),(0.10336126919327862+0j)
624,0.9668531228848414,-1.0931883403214664,32.090368494631974,2.915218067115975,887710.7694924582,(1775421.5389843532+0j),(0.9999996902382378+0.002741131471403999j),(0.9999996902382378-0.002741131471403999j),(9.765357834988658+0j),(7.409422227025686e-07+0j),(0.1024028015048436+0j)
625,0.9668918214457948,-1.0942516465467405,32.0961258836944,2.915024378388769,1313144.4555571815,(1773501.9883298827+0j),(1.002711350088012+0j),(0.9973012114844053+0j),(3.8076541989275435e-07+0j),(9.854953998468932+0j),(0.10147180800186534+0j)
626,0.966932077481998,-1.0953607522040274,32.102111140733946,2.91482231263346,1871595.513844706,(1771523.1608271212+0j),(1.005128040807542+0j),(0.9948951651759846+0j),(2.6715174101529865e-07+0j),(9.948592163424664+0j),(0.1005167347875122+0j)
627,0.9669739541981448,-1.0965177777426474,32.10833315658826,2.9146114781700767,1404923.6199421932,(1769483.0944817765+0j),(1.002343258797818+0j),(0.9976580089771017+0j),(3.5589123344700853e-07+0j),(10.046474356765781+0j),(0.09953740630678515+0j)
628,0.9670175174161696,-1.097724954875164,32.11480115588777,2.914391462327336,883691.5725860866,(1767383.1451716074+0j),(1.00297110168121+0j),(0.9970379784535348+0j),(6.878195121522522e-07+0j),(10.148814363086899+0j),(0.09853367735616425+0j)
629,0.9670628356889308,-1.098984633579878,32.12152470811378,2.91416183007076,882610.3679208074,(1765220.7358410484+0j),(1.000255932616612+0j),(0.9997405709842664+0j),(6.403917863034084e-07+0j),(10.255838585418202+0j),(0.09750543475030213+0j)
630,0.9671099804193616,-1.100299289646401,32.12851373883519,2.913922122518753,3960306.3258954817,(1762996.8284701565+0j),(1.004951648461622+0j),(0.9950561472594637+0j),(10.367786910201733+0j),(1.2625285996960119e-07+0j),(0.09645259963976138+0j)
631,0.967142675731724,-1.101213549158614,32.13335737035122,2.9137553884044944,880734.6365327511,(1761469.2730649346+0j),(1.0028326028528374+0j),(0.9971805338259104+0j),(10.445791728226528+0j),(7.512307713280399e-07+0j),(0.09573233183444202+0j)
632,0.9671785984630908,-1.10222046046951,32.13867595590491,2.913571725550657,4304721.21257698,(1759804.2840192951+0j),(1.0015776815024444+0j),(0.9984242048609834+0j),(1.1615154043870975e-07+0j),(10.53184534537326+0j),(0.09495012195933794+0j)
633,0.9672159670167856,-1.1032705801471414,32.14420505232592,2.913380145260245,1628996.706756732,(1758088.1479402739+0j),(1.003017057339055+0j),(0.9969802795477193+0j),(10.62175169732318+0j),(3.069373915405436e-07+0j),(0.09414642975056324+0j)
634,0.967252770681982,-1.1043075109151774,32.149646995954235,2.913190934222804,878206.8927963976,(1756413.7855922258+0j),(1.0000015040825054+0.0034690043640336165j),(1.0000015040825054-0.0034690043640336165j),(10.710688707431785+0j),(9.208807883077583e-07+0j),(0.09336467778269336+0j)
635,0.9672932087243196,-1.1054499262685629,32.15562221091726,2.9129824319232123,877295.723560276,(1754591.447119982+0j),(0.9999996319737727+0.002624199044617514j),(0.9999996319737727-0.002624199044617514j),(6.272199387141974e-07+0j),(10.808856381702928+0j),(0.09251672560778323+0j)
636,0.9673330364790754,-1.1065782753793458,32.16150299048569,2.912776451473982,876407.4957427245,(1752814.9914848786+0j),(1.0000011911344204+0.0017268474329024948j),(1.0000011911344204-0.0017268474329024948j),(10.906003387687742+0j),(8.57452518511681e-07+0j),(0.09169261776765622+0j)
637,0.9673744687349536,-1.1077554418468296,32.167616156749624,2.912561510383932,875492.9986177961,(1750985.997235021+0j),(1.0000017820225988+0.0024697890500766785j),(1.0000017820225988-0.0024697890500766785j),(7.393255161711217e-07+0j),(11.007551933549601+0j),(0.09084672105448487+0j)
638,0.9674175707307088,-1.1089837044596689,32.17397074135535,2.912337185130656,1646395.927626709,(1749103.575041423+0j),(0.9999978578659974+0.002363900562178888j),(0.9999978578659974-0.002363900562178888j),(11.113723715117157+0j),(3.036936569205437e-07+0j),(0.08997884288231418+0j)
639,0.9674624104160332,-1.1102654631644575,32.180576111275336,2.9121030290962224,873584.1037837048,(1747168.2075668373+0j),(1.0023628952397092+0j),(0.9976394279097764+0j),(11.224753500441784+0j),(6.048817037516778e-07+0j),(0.08908881606715399+0j)
640,0.9674935074753488,-1.1111567777850049,32.1851537784005,2.911940163653409,907641.3437688046,(1745839.2483388982+0j),(1.0034622473544745+0j),(0.9965416017948243+0j),(11.302102151861755+0j),(5.5087838762831e-07+0j),(0.08847911535070473+0j)
641,0.9675276744744108,-1.112138355002409,32.190180249316505,2.9117607692223983,872195.9103338716,(1744391.82066717+0j),(1.0034469768875613+0j),(0.9965614214150271+0j),(5.779339361845867e-07+0j),(11.387416619914031+0j),(0.08781623026343886+0j)
642,0.9675632169374212,-1.113161981557666,32.195405590815696,2.911573649276633,1566769.5662313178,(1742899.5464379992+0j),(1.0024729579865357+0j),(0.9975234725411997+0j),(11.476533723040955+0j),(3.191279756618855e-07+0j),(0.08713432331858231+0j)
643,0.96760019067819,-1.1142295833812894,32.2008375580768,2.911378445850967,8737435.087540897,(1741362.754238607+0j),(1.0030746573390075+0j),(0.9969206822295035+0j),(11.56963974153936+0j),(-5.722503171588356e-08+0j),(0.08643311480214527+0j)
644,0.9676366062478476,-1.1152838261969338,32.206183707810865,2.9111856394798714,869932.2728772139,(1739864.545753853+0j),(1.0028066138521239+0j),(0.9971933183752624+0j),(11.661741015085276+0j),(5.866193474424217e-07+0j),(0.0857504894600627+0j)
645,0.967674488656486,-1.1163834526505851,32.211741153606425,2.910984484090593,1283161.2581882433,(1738321.7436176855+0j),(1.004222051186276+0j),(0.9957787407578779+0j),(11.757976381618576+0j),(3.8966263734150594e-07+0j),(0.08504864847010862+0j)
646,0.9677138975039008,-1.1175305607776,32.217518112915,2.9107745887055625,1862995.0546585976,(1736733.6833124561+0j),(1.0023298439331128+0j),(0.9976639168700308+0j),(11.858550858513496+0j),(2.6838503878458405e-07+0j),(0.08432733577071905+0j)
647,0.9677548948600958,-1.118727358305632,32.223523109127704,2.9105555413755733,892683.2031788881,(1735100.956876631+0j),(1.00304347190156+0j),(0.9969601649900723+0j),(11.96368129332634+0j),(5.601091162235748e-07+0j),(0.08358631222966137+0j)
648,0.9677975453722784,-1.1199761695098351,32.22976498143771,2.910326907811815,1590411.8662813574,(1733421.9909136463+0j),(1.000891539366494+0j),(0.9991079710792459+0j),(12.073597213401959+0j),(3.143839722279808e-07+0j),(0.08282535704355873+0j)
649,0.9678419163769072,-1.1212794425936767,32.23625289482684,2.9100882299071182,865848.624373822,(1731697.2487470666+0j),(1.0022530296781196+0j),(0.9977443444619809+0j),(12.18854169641447+0j),(8.645087909697191e-07+0j),(0.08204426952029159+0j)
650,0.9678726889900432,-1.1221857603155905,32.24074898263182,2.909922204456452,984812.7199448134,(1730513.890924972+0j),(0.9999949447189727+0.002971874444213148j),(0.9999949447189727-0.002971874444213148j),(12.268617130909375+0j),(5.077107452756578e-07+0j),(0.08150877880773155+0j)
651,0.9679065000676524,-1.123183900063219,32.24568570552064,2.909739315228184,941838.3193664886,(1729226.8759550252+0j),(1.000001345964259+0.002018072578566659j),(1.000001345964259-0.002018072578566659j),(5.308766799130209e-07+0j),(12.356938911679999+0j),(0.08092619111799339+0j)
652,0.9679416728886676,-1.124224843179871,32.250817556952086,2.9095485342953733,19762775.33560417,(1727901.3012985042+0j),(1.0041691532142947+0j),(0.9958359922053504+0j),(12.449197121497495+0j),(-2.530009027118836e-08+0j),(0.0803264652523916+0j)
653,0.9679782627508352,-1.125310553654945,32.256152128420794,2.9093494947059098,5769739.234913655,(1726536.904434857+0j),(1.0028827154715727+0j),(0.9971178419706404+0j),(12.54558466344082+0j),(8.665902905532027e-08+0j),(0.0797093182045136+0j)
654,0.9680143008741748,-1.126382726517801,32.2614022108771,2.9091528822638613,1048774.6989821352,(1725208.2867801283+0j),(1.0035653203615253+0j),(0.9964406711685451+0j),(12.640931948494304+0j),(4.767468174865178e-07+0j),(0.07910809140294821+0j)
655,0.9680517912941408,-1.1275011054242825,32.266859569046545,2.9089477380183637,4679388.365671628,(1723841.8720081924+0j),(1.005453247711403+0j),(0.9945634449582577+0j),(12.740559018524095+0j),(-1.0685157138656116e-07+0j),(0.07848949159500351+0j)
656,0.9680907930624943,-1.1286678304097448,32.27253224308483,2.908733660959156,861218.3661444415,(1722436.7322883024+0j),(1.0037339220195702+0j),(0.9962803766356775+0j),(12.844678226521806+0j),(9.349424252135996e-07+0j),(0.07785325427110164+0j)
657,0.968131367680432,-1.1298851536898693,32.27842857037598,2.9085102284501434,860496.2814828916,(1720992.5629652021+0j),(0.9999987868484127+0.0019201773986999055j),(0.9999987868484127-0.0019201773986999055j),(12.953514206363801+0j),(7.77416810957454e-07+0j),(0.07719912790219147+0j)
658,0.9681735792046128,-1.1311554466891165,32.284557194875504,2.908276994810702,859755.4734542267,(1719510.9469078719+0j),(1.0023229121305424+0j),(0.9976838501484093+0j),(13.067304725139191+0j),(6.899587479609987e-07+0j),(0.07652687536062514+0j)
659,0.9682174943581612,-1.1324812076091422,32.29092707653643,2.9080334897809585,1296266.278858783,(1717990.214930167+0j),(1.0019725729973525+0j),(0.9980267970901862+0j),(13.18630165922953+0j),(3.8572321764033564e-07+0j),(0.07583627508627962+0j)
660,0.9682479513203884,-1.1334032050947924,32.29534117515585,2.907864091583814,858474.3248447117,(1716948.6496888408+0j),(1.001942135392213+0j),(0.9980598217362742+0j),(13.269200644732198+0j),(6.260969807664224e-07+0j),(0.07536248993244088+0j)
661,0.968281416043334,-1.134418652303309,32.30018768928384,2.90767747282813,857908.1522811594,(1715816.304561736+0j),(1.004540880505253+0j),(0.9954632814588061+0j),(13.360637263663929+0j),(8.053500955011123e-07+0j),(0.07484672925893096+0j)
662,0.9683162290662558,-1.1354776885149205,32.305225559703395,2.9074827856233165,1568947.834103617,(1714651.1752445186+0j),(0.9999970909256595+0.0024580134936847166j),(0.9999970909256595-0.0024580134936847166j),(13.456149783746081+0j),(3.1868491044236313e-07+0j),(0.07431546289770763+0j)
663,0.96835051720485,-1.1365234371653272,32.31018354827348,2.9072904827014003,1081618.6641163356,(1713517.2632249207+0j),(0.9999943314291362+0.004746989620585756j),(0.9999943314291362-0.004746989620585756j),(13.550614853062104+0j),(4.6227012956419214e-07+0j),(0.07379738933204463+0j)
664,0.9683881928481752,-1.137675581582328,32.31562683979357,2.907078546642647,856143.693614674,(1712287.3872287641+0j),(1.0000006836335253+0.002528752734810515j),(1.0000006836335253-0.002528752734810515j),(13.654864268162097+0j),(8.754249364764431e-07+0j),(0.07323397584636944+0j)
665,0.9684253014274936,-1.138813553186875,32.32098354080615,2.906869146861296,1102289.2855727344,(1711090.981370117+0j),(0.9999985135302034+0.0009824523912364915j),(0.9999985135302034-0.0009824523912364915j),(13.758009413832113+0j),(4.536014334388724e-07+0j),(0.07268493354821402+0j)
666,0.9684639065384036,-1.1400007710737654,32.32655132217249,2.9066506093025413,1659468.0697083878,(1709862.846449681+0j),(0.9999960180623231+0.0026999391138743667j),(0.9999960180623231-0.0026999391138743667j),(13.865806588365365+0j),(3.013013682679104e-07+0j),(0.07211985784073767+0j)
667,0.9685040691125189,-1.141239533533387,32.33233833235138,2.906422500026269,854301.7205029468,(1708603.4410053082+0j),(0.9999977933143953+0.0010933198248459024j),(0.9999977933143953-0.0010933198248459024j),(13.97848865697297+0j),(6.493232612513047e-07+0j),(0.07153849207446836+0j)
668,0.968545852614058,-1.1425322607982482,32.33835301688763,2.9061843613060088,6697473.883386793,(1707311.780129164+0j),(0.9999911267325055+0.003511578797539457j),(0.9999911267325055-0.003511578797539457j),(14.096302164946923+0j),(7.465501302517387e-08+0j),(0.07094059053918272+0j)
669,0.9685748311714142,-1.143431208543782,32.34252089587036,2.906018706220008,1491054.5415004564,(1706428.9039798505+0j),(1.0041607560544676+0j),(0.9958435431150418+0j),(14.178362154332442+0j),(3.3533313911971554e-07+0j),(0.07053000826999671+0j)
670,0.9686066714645294,-1.1444211966908324,32.34709699384782,2.9058362206684243,852734.3202011047,(1705468.6404016232+0j),(1.0010317553939676+0j),(0.9989697175153592+0j),(14.268859608796348+0j),(7.039753940943705e-07+0j),(0.0700826854714717+0j)
671,0.9686397945696188,-1.145453598919184,32.35185368649414,2.905645856199288,4067840.754748932,(1704481.708083727+0j),(1.004301654196116+0j),(0.9956936880811527+0j),(14.363375761364496+0j),(1.2291533276377424e-07+0j),(0.06962151632139332+0j)
672,0.9686742525939678,-1.1465303571943062,32.356797974756454,2.9054472462652585,851734.100182729,(1703468.200364871+0j),(14.462106459771796+0j),(0.9999949213047092+0.004740522271991512j),(0.9999949213047092-0.004740522271991512j),(6.572094964258266e-07+0j),(0.0691462203505205+0j)
673,0.9687081914589148,-1.1475936445798378,32.3616636494957,2.9052510536011877,851241.7151502654,(1702483.4302999433+0j),(14.559755878664133+0j),(0.9999958368912522+0.0019415838044599353j),(0.9999958368912522-0.0019415838044599353j),(7.274178778694573e-07+0j),(0.06868247025112131+0j)
674,0.9687434984561676,-1.14870270668263,32.36672109919981,2.9050463426589404,850736.6991391098,(1701473.398277632+0j),(14.661771909149504+0j),(1.0032793308535473+0j),(0.9967292941692298+0j),(8.105706339493796e-07+0j),(0.06820458033287348+0j)
675,0.9687802292245712,-1.1498596584662109,32.371977733494845,2.904832712915798,1429695.531163307,(1700436.817139158+0j),(14.768370011156488+0j),(1.0025433333841196+0j),(0.9974650320000328+0j),(3.4972481140318315e-07+0j),(0.06771227963848331+0j)
676,0.968818441708196,-1.1510667252053717,32.37744123312548,2.90460974226936,849687.050177907,(1699374.1003552256+0j),(0.999996872317249+0.0034658534147068857j),(0.999996872317249-0.0034658534147068857j),(14.879778015244394+0j),(6.731550948865474e-07+0j),(0.06720530366618874+0j)
677,0.9688581962554564,-1.1523262493357818,32.383119558179786,2.904376985627737,1097774.205123594,(1698287.1384745492+0j),(1.0017766447531886+0j),(0.9982299789021302+0j),(14.996236989650546+0j),(4.55467069335821e-07+0j),(0.06668339535380846+0j)
678,0.9688995557227774,-1.153640697823055,32.38902095634656,2.9041339733851173,1611647.984705505,(1697174.3119949754+0j),(15.118002229572392+0j),(0.9999979281478657+0.0015531885579303474j),(0.9999979281478657-0.0015531885579303474j),(3.102414452442682e-07+0j),(0.06614630589509271+0j)
679,0.9689282404600972,-1.154554783103947,32.393110136452364,2.903964915074211,848207.2066584891,(1696414.4133163886+0j),(0.9999999285641986+0.002095488614125326j),(0.9999999285641986-0.002095488614125326j),(15.2028164848291+0j),(8.410911408060827e-07+0j),(0.06577728547851612+0j)
680,0.968959758163299,-1.1555614728822443,32.39759964021107,2.9037786681301485,847794.7745926346,(1695589.5491846795+0j),(15.296353171614712+0j),(0.9999949727247472+0.003785066015737277j),(0.9999949727247472-0.003785066015737277j),(6.845616667647309e-07+0j),(0.06537505958319496+0j)
681,0.9689925459462114,-1.15661132669344,32.40226611131953,2.903584366064196,847372.1802046224,(1694744.360408655+0j),(1.0014752505219353+0j),(0.9985268876320721+0j),(15.39404556310965+0j),(6.826912243711643e-07+0j),(0.06496018190284007+0j)
682,0.96902665541106,-1.1577063234688574,32.40711639066977,2.903381633011556,846938.837544197,(1693877.6750878035+0j),(15.496096457825379+0j),(1.0045130650922034+0j),(0.9954923540110958+0j),(9.664083854293532e-07+0j),(0.06453238095940794+0j)
683,0.9690602512338994,-1.1587876580739724,32.4118893206294,2.903181352463049,1334762.4688030689,(1693036.4306600853+0j),(15.597032134480656+0j),(1.0018874964660431+0j),(0.9981117726418754+0j),(3.7459848601260024e-07+0j),(0.06411476179427257+0j)
684,0.9690952016303644,-1.159915583086817,32.41685012505965,2.902972360370772,7622447.883021494,(1692175.421085951+0j),(15.702484029405705+0j),(1.0034754364370773+0j),(0.9965296024017284+0j),(-6.559572563476879e-08+0j),(0.06368419150290616+0j)
685,0.9691315616981,-1.1610922540910793,32.42200603999329,2.9027542458469773,1164561.1089417771,(1691294.2627607775+0j),(1.0000038234695747+0.003145791526447847j),(1.0000038234695747-0.003145791526447847j),(15.812675306538118+0j),(4.293462972110036e-07+0j),(0.06324040559957862+0j)
686,0.9691693888167404,-1.1623199392975976,32.42736456392894,2.902526575767372,1180895.0131315405,(1690392.868495509+0j),(1.0012734105228482+0j),(0.9987228453248017+0j),(15.927841997210157+0j),(4.2340766489831423e-07+0j),(0.06278314414314197+0j)
687,0.969208742745743,-1.1636010265474164,32.43293346553136,2.9022888933116,1570966.0210783698,(1689473.5094244834+0j),(16.048233881138625+0j),(1.0029359286147594+0j),(0.9970759328143052+0j),(3.18275502646984e-07+0j),(0.06231215268959077+0j)
688,0.96924968572663,-1.1649380308452544,32.4387207913236,2.9020407163848487,3476805.170958226,(1688534.209967825+0j),(16.17411554188763+0j),(0.999997468482967+0.003317917338552613j),(0.999997468482967-0.003317917338552613j),(1.4381018648284155e-07+0j),(0.06182718290903343+0j)
689,0.9692780817821878,-1.1658678329194632,32.442730716616474,2.901868052031668,992421.6626424524,(1687895.0004487047+0j),(1.000717981940538+0j),(0.999287905713617+0j),(16.26179971131096+0j),(5.03818103555712e-07+0j),(0.06149380866526251+0j)
690,0.9693092824498872,-1.1668918611914507,32.44713300506512,2.901677820007637,897216.3424872303,(1687202.221857618+0j),(1.000560410581382+0j),(0.9994353268082529+0j),(16.35850408670194+0j),(5.572791937940782e-07+0j),(0.0611302839611698+0j)
691,0.9693417405868112,-1.167959829520584,32.451708597043606,2.901479346708495,843247.2685370202,(1686494.5370734474+0j),(16.459507902027337+0j),(1.0033687943279708+0j),(0.9966451686020431+0j),(7.291285741980026e-07+0j),(0.06075515780619043+0j)
692,0.969373709702834,-1.1690143798333446,32.456211121761086,2.901283287666037,842903.8640652946,(1685807.728129996+0j),(16.559392991011762+0j),(0.9999992005679565+0.0045855754947751485j),(0.9999992005679565-0.0045855754947751485j),(8.406001733699907e-07+0j),(0.06038868698525924+0j)
693,0.9694088375925792,-1.170176199054724,32.461153773202085,2.901067193425931,987473.6319566278,(1685067.4231964452+0j),(16.669611316645423+0j),(1.0026623723699029+0j),(0.9973404987163083+0j),(5.063426341920686e-07+0j),(0.059989401132677624+0j)
694,0.9694434371135574,-1.171323702069712,32.466017185185144,2.9008536664205096,842176.0078527008,(1684352.0157048078+0j),(1.00343887004157+0j),(0.9965689529035361+0j),(16.778649536223558+0j),(8.256116242366064e-07+0j),(0.059599552266779314+0j)
695,0.9694794323084742,-1.172520836605925,32.47107158884901,2.9006308019449296,7053152.949318009,(1683621.5794323063+0j),(16.89259251479868+0j),(1.0027336892111591+0j),(0.9972666608066418+0j),(7.089028177793153e-08+0j),(0.05919754467078188+0j)
696,0.9695168799852968,-1.1737699149793457,32.47632429730236,2.900398155289327,841438.926709047,(1682877.8534175+0j),(17.011684970947424+0j),(1.0000008141794159+0.004406432441442164j),(1.0000008141794159-0.004406432441442164j),(1.3144922930725242e-06+0j),(0.05878312475853232+0j)
697,0.9695558393059194,-1.1750733716439612,32.4817828843883,2.90015525730945,1173102.0691954163,(1682121.0276152808+0j),(17.136185977712213+0j),(1.0016247557236468+0j),(0.9983795079958006+0j),(4.2622037172180663e-07+0j),(0.05835604266320396+0j)
698,0.9695828593201296,-1.1759797577376363,32.48556494700815,2.899986278350739,1247506.7284786014,(1681605.9313983442+0j),(17.22289526000172+0j),(0.9999984979058185+0.0011566776447824857j),(0.9999984979058185-0.0011566776447824857j),(4.0079944146662524e-07+0j),(0.05806224707888493+0j)
699,0.9696125477734536,-1.176977915300104,32.4897169957492,2.899800118841862,2560678.673231784,(1681050.1229405268+0j),(17.31851193703272+0j),(1.0036725175216208+0j),(0.9963288526509912+0j),(1.9526073506480944e-07+0j),(0.057741681481389584+0j)
700,0.9696434324470072,-1.1780188111513887,32.49403240687195,2.899605908187445,1681507.4160431053,(1680482.385676369+0j),(17.418365767461196+0j),(1.0000009523290574+0.001985689674435989j),(1.0000009523290574-0.001985689674435989j),(2.9735224194052964e-07+0j),(0.05741066718601026+0j)
701,0.9696755619105524,-1.1791043988428267,32.4985174682763,2.899403270926713,1377425.4250996711,(1679903.6953685884+0j),(17.522662690314938+0j),(1.0028534208900457+0j),(0.9971563487840152+0j),(3.629960583629315e-07+0j),(0.05706895222909437+0j)
702,0.9697072073511878,-1.1801763748902403,32.5029306736005,2.8992030856344666,955530.7159489784,(1679344.8035878767+0j),(17.625808097984386+0j),(1.0032531517381+0j),(0.9967548404615372+0j),(5.232694163092031e-07+0j),(0.05673498737991677+0j)
703,0.9697401284980022,-1.181294466480632,32.50751724310385,2.8989941938221184,839387.3802331137,(1678774.7604656317+0j),(17.733556281409562+0j),(0.9999943199056246+0.003205787404904353j),(0.9999943199056246-0.003205787404904353j),(8.73857912285042e-07+0j),(0.05639026849049818+0j)
704,0.9697743771978335,-1.182460800171418,32.512283822456844,2.898776185163445,1261248.5923298516,(1678196.1802171627+0j),(17.846133737084095+0j),(0.9999993549195333+0.002377585492328741j),(0.9999993549195333-0.002377585492328741j),(3.964325534559761e-07+0j),(0.056034545898419254+0j)
705,0.9698100074382382,-1.1836776129119786,32.51723729538226,2.89854862718558,2493067.69402112,(1677607.980968725+0j),(17.963780013061765+0j),(1.0025543131653254+0j),(0.9974422541085846+0j),(2.0055612657414844e-07+0j),(0.05566757103865388+0j)
706,0.9698470754383128,-1.184947258832671,32.52238479031938,2.8983110638242167,838505.9721319549,(1677011.9442633134+0j),(18.08674853306642+0j),(1.000002015429904+0.003150637091623864j),(1.000002015429904-0.003150637091623864j),(8.14808189573473e-07+0j),(0.05528909732844597+0j)
707,0.9698856397434884,-1.1862722165399775,32.52773368703519,2.898063013862579,2056066.3695802432,(1676407.693539496+0j),(18.215307651038593+0j),(1.002627638985979+0j),(0.9973660829497163+0j),(2.4318281131270446e-07+0j),(0.054898880609508954+0j)
708,0.9699123857783464,-1.1871935763956416,32.531439535372634,2.897890439630002,837999.6246340779,(1675999.249267559+0j),(18.304846887456947+0j),(0.9999995290126658+0.0012546504754174528j),(0.9999995290126658-0.0012546504754174528j),(8.217944422501747e-07+0j),(0.05463033950234435+0j)
709,0.969941773172646,-1.1882082450802895,32.53550771102739,2.8977003087442155,837779.8337228835,(1675559.6674451702+0j),(1.00000025178085+0.002476369175783651j),(1.00000025178085-0.002476369175783651j),(18.40358780555975+0j),(6.693914788780347e-07+0j),(0.05433723090114678+0j)
710,0.9699723446231482,-1.1892663824558647,32.53973572160745,2.8975019432148774,993980.6556241508,(1675112.5255039702+0j),(18.50670836428881+0j),(1.0029006847224133+0j),(0.9970929674489541+0j),(5.030278981497494e-07+0j),(0.054034460386787546+0j)
711,0.9700041481929648,-1.19036997711688,32.54412969825831,2.897294958087966,837329.9663792829,(1674659.9327579685+0j),(18.61442182062584+0j),(1.0000060558525723+0.002667875542696956j),(1.0000060558525723-0.002667875542696956j),(6.746583031818234e-07+0j),(0.05372178677568207+0j)
712,0.9700354725926332,-1.1914597592142873,32.54845302845917,2.8970904648588838,837112.0721809267,(1674224.1443612562+0j),(18.720950592785723+0j),(1.0000003143116944+0.004150898180439466j),(1.0000003143116944-0.004150898180439466j),(9.984602335331282e-07+0j),(0.053416090974857174+0j)
713,0.9700680596862092,-1.192596448825543,32.552945927078234,2.896877064379653,888578.2390129967,(1673783.2388247903+0j),(18.832237986383475+0j),(0.9999997319655025+0.004629392569112001j),(0.9999997319655025-0.004629392569112001j),(5.626966518508733e-07+0j),(0.053100433454741774+0j)
714,0.9701019607734536,-1.193782210820564,32.5576148696197,2.8966543358023884,836668.6401774163,(1673337.2803542349+0j),(18.948518697206357+0j),(0.9999964584253891+0.00528835967151786j),(0.9999964584253891-0.00528835967151786j),(6.824456607195919e-07+0j),(0.052774573885153095+0j)
715,0.970137229269047,-1.1950193225441024,32.562466561073926,2.896421835486066,836444.0890348145,(1672888.1780690313+0j),(19.070040916816644+0j),(1.0000007268915794+0.003638118995391402j),(1.0000007268915794-0.003638118995391402j),(8.384461655687915e-07+0j),(0.052438272385564755+0j)
716,0.9701739207918242,-1.1963101807332424,32.567507942058846,2.8961790955043085,836217.6993294305,(1672435.398658263+0j),(19.197067345285788+0j),(0.9999977748162416+0.0030264217048004633j),(0.9999977748162416-0.0030264217048004633j),(7.426233516010377e-07+0j),(0.05209128988368953+0j)
717,0.9702120932578124,-1.1976573089486002,32.57274619486825,2.8959256220334826,4684367.412248826,(1671981.499930975+0j),(19.32987614454598+0j),(1.004157936410758+0j),(0.9958459018607634+0j),(1.0673799811103427e-07+0j),(0.051733388901311725+0j)
718,0.9702385674242546,-1.1985941060492111,32.57637515749842,2.8957492635419584,2042279.8409292088,(1671676.4713962623+0j),(19.422379678857084+0j),(1.005101739099401+0j),(0.994905044871618+0j),(2.448244310008647e-07+0j),(0.05148699678076703+0j)
719,0.9702676559918652,-1.1996257943119404,32.580358712761964,2.8955549529965814,835674.9798879537,(1671349.959775309+0j),(19.52439383543244+0j),(1.002642873976231+0j),(0.9973527569797888+0j),(6.514520835974702e-07+0j),(0.05121797933543405+0j)
720,0.9702979164442757,-1.2007017012211592,32.58449853469068,2.895352215214773,2790362.298750632,(1671021.576738997+0j),(19.63093765638852+0j),(1.0030944233925285+0j),(0.9969095142079634+0j),(1.7918820083825246e-07+0j),(0.05094000182282253+0j)
721,0.970327720498956,-1.20176403910482,32.58857169339334,2.895151934530612,835353.9541508212,(1670707.9083010438+0j),(19.7362956607546+0j),(0.9999992060537468+0.0017402833889721546j),(0.9999992060537468-0.0017402833889721546j),(9.840802245898192e-07+0j),(0.050668069489279356+0j)
722,0.970360468814956,-1.202934377847494,32.59304236880561,2.894931177140578,1248718.6751185865,(1670375.2390454658+0j),(19.85254668434203+0j),(0.9999985944767287+0.002200048573976869j),(0.9999985944767287-0.002200048573976869j),(4.0041044469251407e-07+0j),(0.05037137128551331+0j)
723,0.9703927239146616,-1.204090232032607,32.59744071235918,2.894713032322247,845415.8573726382,(1670060.1252275598+0j),(19.967546575873182+0j),(1.0014746915105728+0j),(0.9985273952028421+0j),(5.914249131238939e-07+0j),(0.050081265427385564+0j)
724,0.9704262794091152,-1.205296010378792,32.60201108474983,2.894485337783818,2848404.603778305,(1669744.7386461622+0j),(20.0877127744998+0j),(1.00449917647253+0j),(0.9955020102276209+0j),(1.755368599449613e-07+0j),(0.04978167555589725+0j)
725,0.970461188127594,-1.2065540313162055,32.60676000904612,2.894247638226049,997090.9556731184,(1669430.0754648084+0j),(20.213302711933054+0j),(1.002887911000819+0j),(0.9971034709802343+0j),(5.01458765777877e-07+0j),(0.04947237046075216+0j)
726,0.9704975050745972,-1.2078667348806484,32.611694234616635,2.8939994533454505,1183941.6050457354,(1669118.6896446426+0j),(20.34458886750268+0j),(1.0015582814617492+0j),(0.9984421150415498+0j),(4.2231812605383886e-07+0j),(0.04915311911745366+0j)
727,0.9705352875209836,-1.2092366902778318,32.61682074259494,2.8937402761696616,1172033.8329571944,(1668810.821548501+0j),(20.481859911606964+0j),(1.0008216989894871+0j),(0.9991842219013111+0j),(4.266088451888165e-07+0j),(0.04882369102785283+0j)
728,0.9705614909851832,-1.210189378801425,32.62037204547709,2.893559938443862,834303.1038674333,(1668606.2077342672+0j),(20.577476713723723+0j),(0.9999965197318783+0.0027634515863136228j),(0.9999965197318783-0.0027634515863136228j),(9.400357567485456e-07+0j),(0.048596823308915425+0j)
729,0.9705902819167076,-1.211238584459162,32.62427011992566,2.8933612333955696,1446728.217554089,(1668391.9033206631+0j),(20.682929224474087+0j),(1.0000026142069722+0.001797335851057641j),(1.0000026142069722-0.001797335851057641j),(3.456074153619432e-07+0j),(0.048349051004664904+0j)
730,0.970620232508176,-1.212332777374922,32.62832084701271,2.8931538991835306,834089.2987111389,(1668178.5974216782+0j),(20.79306976392547+0j),(1.0000022469924792+0.002262148610600443j),(1.0000022469924792-0.002262148610600443j),(6.332249604558431e-07+0j),(0.04809294689786896+0j)
731,0.9706497311314084,-1.2134131881115748,32.63230608343221,2.892949066481892,833989.2489979259,(1667978.4979952523+0j),(20.901990183480795+0j),(0.9999997973128186+0.0020390681906649407j),(0.9999997973128186-0.0020390681906649407j),(1.069618185115579e-06+0j),(0.047842334209419746+0j)
732,0.9706804180771677,-1.2145400097425658,32.63644724330537,2.892735317695954,833890.6113055322,(1667781.2226104648+0j),(21.015766880786096+0j),(0.9999985475486293+0.0014919642238829763j),(0.9999985475486293-0.0014919642238829763j),(6.817022982891828e-07+0j),(0.04758332187792868+0j)
733,0.9707123415376988,-1.2157153753277656,32.64075024670975,2.892512232319332,833794.077669142,(1667588.1553376843+0j),(1.0000013615817611+0.004504722724970537j),(1.0000013615817611-0.004504722724970537j),(21.134638639017556+0j),(1.5381867174106328e-06+0j),(0.047315689521842896+0j)
734,0.9707455516820914,-1.2169415278760125,32.64522122026686,2.892279367167192,962293.4397674918,(1667400.262412833+0j),(21.25885795315682+0j),(1.0050603291874434+0j),(0.9949550866525414+0j),(5.195920281041762e-07+0j),(0.047039215474483566+0j)
735,0.9707801007384842,-1.2182208270188983,32.64986650232016,2.892036254903691,833608.574154875,(1667217.1483091502+0j),(21.388692006293468+0j),(1.0029984395633293+0j),(0.9970050075825465+0j),(7.93691688029101e-07+0j),(0.04675367711619198+0j)
736,0.9708160430796388,-1.2195557561716897,32.654692647980035,2.891782402452605,961419.8640457531,(1667041.9397149282+0j),(21.524423629142245+0j),(1.0010010037865438+0j),(0.9989992535901349+0j),(5.200641454359848e-07+0j),(0.04645885145311176+0j)
737,0.9708409698342896,-1.2204839872075954,32.65803578495184,2.891605786376682,861540.7932849521,(1666929.426786614+0j),(21.618955394928456+0j),(1.0020919195003735+0j),(0.9979070608220131+0j),(5.803555721299374e-07+0j),(0.04625570392891078+0j)
738,0.9708683574786494,-1.2215061626146893,32.66170527742406,2.8914111979668142,833407.2283365071,(1666814.4566724142+0j),(21.723199168366676+0j),(1.0000010557409929+0.002703279789202605j),(1.0000010557409929-0.002703279789202605j),(1.0524869609941973e-06+0j),(0.04603373528223446+0j)
739,0.9708968476886276,-1.222572059909813,32.66551837190688,2.89120817709252,833351.8332145346,(1666703.6664284691+0j),(21.832063696328078+0j),(1.003789243150005+0j),(0.9962060190006625+0j),(9.361431196111774e-07+0j),(0.04580419029138028+0j)
740,0.970926485115665,-1.2236836723022482,32.66948052562907,2.8909963294277667,833299.220011667,(1666598.440022734+0j),(21.945773841234825+0j),(0.9999941004359794+0.0031441747180703692j),(0.9999941004359794-0.0031441747180703692j),(7.21708075011496e-07+0j),(0.045566859807927684+0j)
741,0.9709556749602448,-1.224781294874947,32.673378353884665,2.890787027576485,1632172.2804889632,(1666505.6908477345+0j),(22.05823027150358+0j),(0.99999738574028+0.0016257355217698683j),(0.99999738574028-0.0016257355217698683j),(3.0634021051396477e-07+0j),(0.045334552577050255+0j)
742,0.9709860403195302,-1.2259260797699327,32.677428402475975,2.890568604426723,1577785.7953211537,(1666420.3721421682+0j),(22.17570699508622+0j),(1.0035792143070368+0j),(0.9964317089544746+0j),(3.168997981112365e-07+0j),(0.0450943909126098+0j)
743,0.9710176288232338,-1.2271201951379962,32.68163642468647,2.8903406289741245,912479.1064318044,(1666341.8434811123+0j),(22.298451485067606+0j),(1.002550414924623+0j),(0.9974526433417248+0j),(5.479577521017118e-07+0j),(0.04484616345084115+0j)
744,0.9710504900495524,-1.228365920870792,32.68600837191111,2.890102646912937,833136.3880789226,(1666272.776157245+0j),(22.42672541051266+0j),(0.9999988966727454+0.005077861818675531j),(0.9999988966727454-0.005077861818675531j),(1.0622639302728727e-06+0j),(0.04458965728145516+0j)
745,0.9710846756055024,-1.2296656553729182,32.69055039832187,2.889854179120182,2878736.0952681517,(1666214.6925936295+0j),(22.560805718972365+0j),(1.001747437630883+0j),(0.9982506776740557+0j),(1.7368733480706247e-07+0j),(0.044324658102039866+0j)
746,0.9711202392104732,-1.2310219228269887,32.69526886536066,2.8895947200191303,5090727.369421019,(1666169.0176261128+0j),(22.70098570759493+0j),(0.9999993246860803+0.001336761159328364j),(0.9999993246860803-0.001336761159328364j),(9.821779162706783e-08+0j),(0.04405095060103648+0j)
747,0.9711449029460784,-1.2319649994155577,32.698537168308164,2.889414194495246,833073.0761153272,(1666146.1522300541+0j),(22.798621170954497+0j),(0.9999991044014691+0.0015082314911179892j),(0.9999991044014691-0.0015082314911179892j),(6.856282650924637e-07+0j),(0.043862301693673396+0j)
748,0.9711720012622268,-1.2330035304277835,32.702124290192295,2.889215290624511,833065.1227000491,(1666130.245399498+0j),(22.906292847965823+0j),(1.000007420674635+0.0024458136930426513j),(1.000007420674635-0.0024458136930426513j),(1.0046356479892867e-06+0j),(0.04365612570472114+0j)
749,0.9712001901055194,-1.2340864909828202,32.70585153161871,2.889007758202511,833060.5244756506,(1666121.048950701+0j),(23.01874325811814+0j),(0.9999994271376864+0.004200887459214311j),(0.9999994271376864-0.004200887459214311j),(1.1616072612278262e-06+0j),(0.043442858230208124+0j)
750,0.9712279525958074,-1.2351557099063342,32.70951815591302,2.888802739150956,985082.6172858224,(1666121.9932721374+0j),(23.129939958639767+0j),(0.999998742186172+0.004109460038956806j),(0.999998742186172-0.004109460038956806j),(5.075716404150632e-07+0j),(0.04323400760176041+0j)
751,0.9712584562638183,-1.236333531765495,32.71354193349028,2.8885767571378858,1493051.1041144056,(1666133.8110277262+0j),(23.252630972852316+0j),(0.9999995355940468+0.0028496766895357954j),(0.9999995355940468-0.0028496766895357954j),(3.348847193657367e-07+0j),(0.04300588613682042+0j)
752,0.9712884990505428,-1.237496674690404,32.71749990059734,2.88835344802298,1092404.336865653,(1666156.4646833055+0j),(23.373999176585933+0j),(1.0031785258711359+0j),(0.9968253063620882+0j),(4.5770598223247086e-07+0j),(0.04278258044099559+0j)
753,0.9713197514558464,-1.2387099473431518,32.721611920804655,2.888120361879574,833095.4412799354,(1666190.8825592706+0j),(23.50081735621644+0j),(0.9999998455658308+0.004810421809301206j),(0.9999998455658308-0.004810421809301206j),(9.266584075053841e-07+0j),(0.042551711493370975+0j)
754,0.9713522624504962,-1.239975666664251,32.72588376725577,2.8878770328842505,1773526.427058045,(1666239.5838267133+0j),(23.63335693433796+0j),(1.0000024163208743+0.0006891919642890689j),(1.0000024163208743-0.0006891919642890689j),(2.81924189215183e-07+0j),(0.04231307481110432+0j)
755,0.9713860830022452,-1.2412962699626933,32.73032140672063,2.8876229697125613,2656904.9316684823,(1666303.1812502877+0j),(23.771905258603024+0j),(1.0044455733770918+0j),(0.9955564847491744+0j),(-1.8818889379155462e-07+0j),(0.04206646413577566+0j)
756,0.9714212661571952,-1.2426743222777643,32.73493100352167,2.887357653855063,833191.9510258584,(1666383.9020511168+0j),(1.000000064852138+0.004535392583369508j),(1.000000064852138-0.004535392583369508j),(23.916766674035596+0j),(9.058046219201201e-07+0j),(0.041811671854696614+0j)
757,0.9714456655950676,-1.2436325514340785,32.738123637214564,2.887173045087845,833224.711627215,(1666449.42325383+0j),(24.01766887110291+0j),(1.0041097848896832+0j),(0.995903065699674+0j),(6.325187787826094e-07+0j),(0.04163601410973508+0j)
758,0.9714724730927656,-1.244687772801872,32.74162746249569,2.8869696344826217,833263.7804382712,(1666527.5608759425+0j),(24.128949004949924+0j),(0.9999961663923171+0.003480884480753628j),(0.9999961663923171-0.003480884480753628j),(8.354953359900103e-07+0j),(0.041443993262825114+0j)
759,0.971500358923854,-1.2457881419198518,32.74526787830588,2.8867573911901347,1151770.157393312,(1666620.1285335175+0j),(24.245174522855777+0j),(1.0035204480527564+0j),(0.996486223023549+0j),(4.3411439061044516e-07+0j),(0.041245320756802366+0j)
760,0.9715278224855504,-1.2468745522771574,32.74884881253696,2.886547709749472,833359.7711508778,(1666719.5423011556+0j),(24.360110891528045+0j),(1.0000029602323255+0.001090419561593282j),(1.0000029602323255-0.001090419561593282j),(1.0454814391483926e-06+0j),(0.04105071624889801+0j)
761,0.971556390824416,-1.248007525476722,32.75256919004477,2.886328902641933,835256.9240987616,(1666832.5175320315+0j),(24.48017007699147+0j),(1.0026644096433528+0j),(0.9973400005863502+0j),(5.986182042605356e-07+0j),(0.04084938939783265+0j)
762,0.9715861085838184,-1.2491891911740984,32.756434245601284,2.8861005399445605,833479.8147093313,(1666959.6294180625+0j),(24.60560388667666+0j),(0.9999948635363813+0.003867045156718989j),(0.9999948635363813-0.003867045156718989j),(7.182018655808411e-07+0j),(0.04064114843941664+0j)
763,0.971617022220972,-1.2504217877401187,32.760449390886414,2.8858621686319674,2705333.8316332586,(1667104.9822683143+0j),(24.736678500061352+0j),(1.000002556617785+0.002388057084645821j),(1.000002556617785-0.002388057084645821j),(1.8482007438548095e-07+0j),(0.04042579928415459+0j)
764,0.971649180080364,-1.2517076687483433,32.764620218292904,2.885613311088973,835265.1845779892,(1667267.5340149612+0j),(1.0031230348234885+0j),(0.9968820192106805+0j),(24.873675655590894+0j),(5.986122841368038e-07+0j),(0.040203145439632715+0j)
765,0.9716826324699532,-1.2530493099242277,32.76895250452827,2.885353463506864,14218930.222063327,(1667449.7515128632+0j),(25.016893571608147+0j),(1.0054353730809429+0j),(0.9945689697067833+0j),(-3.516438945766519e-08+0j),(0.03997298853822673+0j)
766,0.9717174317401922,-1.254449316594121,32.773452213963765,2.885082094152019,1660499.6061476243,(1667654.2673449744+0j),(25.166648206671567+0j),(1.0055619584159983+0j),(0.9944504027343172+0j),(3.011141936733429e-07+0j),(0.03973512848384918+0j)
767,0.9717415644083472,-1.2554228119471469,32.7765684658999,2.884893265657345,833902.1416368532,(1667804.283273107+0j),(25.27096532253152+0j),(1.001613553669558+0j),(0.9983974628723695+0j),(9.371369769020456e-07+0j),(0.0395711041203822+0j)
768,0.9717680782864278,-1.2564948447680289,32.779988205046465,2.8846851983263924,833988.1932702289,(1667976.3865398583+0j),(25.38601784428753+0j),(0.9999980835408884+0.0030832784798981j),(0.9999980835408884-0.0030832784798981j),(9.846502659640255e-07+0j),(0.039391763061618845+0j)
769,0.9717956580963844,-1.2576127441852645,32.78354096650561,2.884468088106739,834082.8173989468,(1668165.6347972942+0j),(1.0000000838458485+0.0010715964748066226j),(1.0000000838458485-0.0010715964748066226j),(25.506190429774943+0j),(7.04538023681626e-07+0j),(0.03920616850851111+0j)
770,0.9718228196709512,-1.2587164615781954,32.787035387082234,2.8842535905615057,16596654.672023216,(1668360.7653922536+0j),(25.625037117708555+0j),(1.0013865636418773+0j),(0.9986136267138666+0j),(-3.012655320489644e-08+0j),(0.03902433371731574+0j)
771,0.971851073231451,-1.2598674821984015,32.790665572810724,2.884029749441508,834286.5841958986,(1668573.168391198+0j),(0.9999979070143398+0.0041460817273579085j),(0.9999979070143398-0.0041460817273579085j),(25.74918839038434+0j),(1.3548180645874646e-06+0j),(0.0388361755267424+0j)
772,0.9718804628382732,-1.2610679689139412,32.79443659196447,2.88379612395595,1588970.2740379665,(1668805.5610772762+0j),(25.878905594790215+0j),(1.0044737792411889+0j),(0.9955383724924226+0j),(3.1466919688146584e-07+0j),(0.0386415104122972+0j)
773,0.9719110343347352,-1.262320194876966,32.79835368127583,2.883552249591154,888986.5604034214,(1669056.9370679627+0j),(26.014465206184042+0j),(1.0000016301312518+0.001096799308633033j),(1.0000016301312518-0.001096799308633033j),(5.624381990356059e-07+0j),(0.03844015212590917+0j)
774,0.9719428354184064,-1.2636265500845798,32.802422249230574,2.8832976365821192,834665.2868682643,(1669330.5737359296+0j),(1.0030857699705382+0j),(0.9969095260539371+0j),(26.15615971242112+0j),(6.025589799446256e-07+0j),(0.0382319121382715+0j)
775,0.9719759157150152,-1.2649895484035352,32.80664787912138,2.883031768264693,1154000.8529848112,(1669629.472279354+0j),(26.304298859231196+0j),(1.0029163699688148+0j),(0.997088534524329+0j),(4.3327524300077337e-07+0j),(0.03801659969541916+0j)
776,0.9719988555932582,-1.265937196907666,32.80957421744026,2.882846788406692,834922.1087695109,(1669844.217538423+0j),(26.40747701905447+0j),(1.0000025984197252+0.003219802513662542j),(1.0000025984197252-0.003219802513662542j),(6.845156773214189e-07+0j),(0.03786806287016871+0j)
777,0.9720240583088224,-1.2669806590411083,32.81278545237383,2.882642981715228,2377642.545589204,(1670087.786957175+0j),(26.521260353982107+0j),(1.0063159296688244+0j),(0.9936922279105808+0j),(2.1029233386136144e-07+0j),(0.03770559870280475+0j)
778,0.9720502734860688,-1.268068644970835,32.81612149384787,2.882430339629304,946159.2880111376,(1670348.8184228283+0j),(26.6400927366907+0j),(1.0047640240443985+0j),(0.995238132178033+0j),(5.284522451300547e-07+0j),(0.03753740686580385+0j)
779,0.9720775419140436,-1.269203173602646,32.81958700737411,2.882208449075729,835314.6422334675,(1670629.2844663365+0j),(0.9999986528680289+0.0012191695290599644j),(0.9999986528680289-0.0012191695290599644j),(26.764220344040222+0j),(6.219813150080227e-07+0j),(0.03736331517023497+0j)
780,0.9721043961468816,-1.2703233023264675,32.82299531698553,2.881989222046188,1286791.5533405934,(1670914.6860571448+0j),(26.886985350520625+0j),(1.0026519357723216+0j),(0.9973431086179999+0j),(3.885633214657366e-07+0j),(0.03719271561922831+0j)
781,0.9721323292801762,-1.2714914298434643,32.826535732485965,2.8817604384464413,835610.8462431787,(1671221.692485759+0j),(27.015237179255884+0j),(1.0000021490571083+0.0022352892110919305j),(1.0000021490571083-0.0022352892110919305j),(7.772849603908648e-07+0j),(0.037016147345452+0j)
782,0.9721613847730848,-1.2727097496086004,32.83021315675677,2.8815216469545804,835774.9315595481,(1671549.8631184981+0j),(27.149246856716402+0j),(0.999996136664518+0.0015962836132416126j),(0.999996136664518-0.0015962836132416126j),(7.491432204424315e-07+0j),(0.03683343428559177+0j)
783,0.9721916078355268,-1.2739805667431692,32.83403265278212,2.881272371933467,835951.6949413548,(1671903.3898821115+0j),(27.289300956358595+0j),(1.001732680808968+0j),(0.9982641375806081+0j),(6.491448988362825e-07+0j),(0.03664439780260933+0j)
784,0.9722230454973272,-1.2753063046536015,32.83799944644295,2.881012111863715,1490001.4679162242,(1672283.2552156672+0j),(27.43570287951703+0j),(1.0038900300155575+0j),(0.9961136432038608+0j),(3.3557013920215077e-07+0j),(0.03644885660088062+0j)
785,0.9722557466797348,-1.2766895121139934,32.84211892903443,2.880740337655005,1037455.2914469036,(1672690.7141920691+0j),(1.0004790270761426+0j),(0.999522313594919+0j),(27.588773974958514+0j),(4.819484792475087e-07+0j),(0.03624662701240735+0j)
786,0.9722784230015896,-1.2776512024223166,32.8449714897816,2.880551243296629,836490.5359478322,(1672981.0718950666+0j),(27.695393448214592+0j),(0.9999993636022795+0.0027085305138791977j),(0.9999993636022795-0.0027085305138791977j),(1.117664199799947e-06+0j),(0.03610708769563028+0j)
787,0.9723033355388326,-1.2787101173738395,32.8481015098301,2.88034289822478,836653.6067877769,(1673307.2135749562+0j),(27.8129777739202+0j),(0.9999969980157332+0.0037420869031227827j),(0.9999969980157332-0.0037420869031227827j),(1.082356267072581e-06+0j),(0.035954438540474844+0j)
788,0.9723292481766502,-1.2798142053290482,32.85135289513107,2.880125515385377,1122557.160580842,(1673655.661855169+0j),(27.935786420804707+0j),(1.0000021001393118+0.0016960658926454925j),(1.0000021001393118-0.0016960658926454925j),(4.454116169384064e-07+0j),(0.03579637905792099+0j)
789,0.9723547663979264,-1.2809041531923908,32.85455050087225,2.879910765938061,837002.7063672033,(1674005.412733809+0j),(28.057231620812196+0j),(0.9999956539217+0.004955774280514784j),(0.9999956539217-0.004955774280514784j),(8.885203135712175e-07+0j),(0.03564143510360583+0j)
790,0.9723828013159604,-1.2821046577716024,32.85805853713678,2.8796740598676607,1055155.233479146,(1674400.568518856+0j),(28.191237020623763+0j),(0.9999999843631854+0.0036058585036224506j),(0.9999999843631854-0.0036058585036224506j),(4.7386392460137886e-07+0j),(0.03547201562203482+0j)
791,0.9724104096496412,-1.2832900425635438,32.86150812959864,2.8794401553311517,1432618.9511967525,(1674798.4940239992+0j),(28.32380433167709+0j),(1.001008800460741+0j),(0.9989870122928981+0j),(3.490111586073749e-07+0j),(0.035305991677184595+0j)
792,0.9724391263739544,-1.2845263461228416,32.86509085588735,2.879196012273078,983198.1066409206,(1675223.0725390343+0j),(28.46233153819929+0j),(1.0022329616745267+0j),(0.9977676097525827+0j),(5.085445106361837e-07+0j),(0.03513415612695164+0j)
793,0.972468996044916,-1.285815904983092,32.868811602616,2.8789411436682046,837837.5718401271,(1675675.1436796575+0j),(28.607116050531953+0j),(0.9999985771582875+0.0036103583217336043j),(0.9999985771582875-0.0036103583217336043j),(9.713171871382003e-07+0j),(0.03495633737540023+0j)
794,0.9725000650024724,-1.2871611753186092,32.87267541029401,2.8786750359719084,838079.1488305582,(1676158.2976605198+0j),(28.7584726515567+0j),(1.0000046575674488+0.002945424484600155j),(1.0000046575674488-0.002945424484600155j),(1.0512438260840233e-06+0j),(0.03477236124867708+0j)
795,0.9725323814395134,-1.288564740074878,32.87668747530101,2.878397147390792,1053186.6671751584,(1676672.3342468482+0j),(28.916734905338796+0j),(1.0000018561434114+0.0019397397556753316j),(1.0000018561434114-0.0019397397556753316j),(4.747496484561519e-07+0j),(0.03458205095676206+0j)
796,0.972554790218062,-1.289540570298335,32.87946537173054,2.8782037940633853,838518.5399013787,(1677037.079802161+0j),(29.026976651887363+0j),(1.0000031176903574+0.0007012823394012606j),(1.0000031176903574-0.0007012823394012606j),(8.403677783849146e-07+0j),(0.034450711556783115+0j)
797,0.972579408119338,-1.290615041434868,32.88251319719277,2.877990751997779,1049877.3054268048,(1677444.0494815698+0j),(29.1485619387502+0j),(1.0023206360479073+0j),(0.9976754672049611+0j),(4.762461264907991e-07+0j),(0.03430700979695697+0j)
798,0.9726050134947248,-1.2917353339511346,32.885678901214305,2.877768463548639,1335225.558554577,(1677876.0241037644+0j),(29.275556179430662+0j),(1.0022519605626714+0j),(0.99774179586686+0j),(3.744685658514024e-07+0j),(0.03415818964705526+0j)
799,0.9726302283237768,-1.2928412631045385,32.88879194223783,2.877548863138835,839155.0005254807,(1678310.0010503656+0j),(29.401147313933404+0j),(0.9999986489088024+0.0022838548896949875j),(0.9999986489088024-0.0022838548896949875j),(7.897458702142919e-07+0j),(0.03401227813739414+0j)
800,0.9726564544752518,-1.2939944292523764,32.89202521350281,2.87731971101415,2547295.28855834,(1678769.7260596864+0j),(29.53234194895529+0j),(1.002608243898252+0j),(0.9973914974286648+0j),(1.9628662693558308e-07+0j),(0.03386118180970805+0j)
801,0.9726837325282784,-1.295196977127433,32.89538313938155,2.877080558134681,1187945.4824746742,(1679257.1235848642+0j),(29.669415906525423+0j),(1.000000643852212+0.0029146031448957707j),(1.000000643852212-0.0029146031448957707j),(4.208947358076662e-07+0j),(0.03370474171621091+0j)
802,0.9727121046815522,-1.296451159363024,32.89887028520515,2.876830931472801,7182106.126842286,(1679774.1589668714+0j),(29.812660849145765+0j),(1.0000021696495196+0.00010917201597388751j),(1.0000021696495196-0.00010917201597388751j),(6.961746194912249e-08+0j),(0.03354279596376972+0j)
803,0.9727416148157632,-1.2977593427676313,32.902491359337134,2.876570332488729,840161.0475806221,(1680322.0951606492+0j),(29.962385405513267+0j),(1.00298868245886+0j),(0.9970079088768933+0j),(5.989216136126141e-07+0j),(0.03337517979513267+0j)
804,0.9727723085579936,-1.2991240150279413,32.906251214952505,2.8762982354886137,840452.212794569,(1680904.425588543+0j),(30.11891629748095+0j),(1.0034773742717333+0j),(0.9965215820526022+0j),(6.304592601884206e-07+0j),(0.03320172578996985+0j)
805,0.9728042333480984,-1.300547791874231,32.91015485146703,2.8760140858559256,840761.2438041647,(1681522.4876077347+0j),(30.282599756006846+0j),(0.9999983703920083+0.003780559248464537j),(0.9999983703920083-0.003780559248464537j),(7.810384528236048e-07+0j),(0.033022263876184+0j)
806,0.9728263697202691,-1.3015376555705478,32.91285737906596,2.8758163722769536,2193306.504769785,(1681959.019881236+0j),(30.396624304208842+0j),(1.0046669875866938+0j),(0.9953324562437816+0j),(2.2796631428971544e-07+0j),(0.03289838996566888+0j)
807,0.9728506875699852,-1.30262756046673,32.91582223270246,2.8755985223631604,1378642.142617395,(1682445.544599351+0j),(1.0036633798860555+0j),(0.9963355504951884+0j),(30.522387803626245+0j),(3.6267569700923274e-07+0j),(0.032762836460687166+0j)
808,0.9728759799688186,-1.3037639240350931,32.91890144346702,2.8753712134757774,841479.5772633345,(1682959.1545260749+0j),(0.999995900983243+0.0034113988856668918j),(0.999995900983243-0.0034113988856668918j),(30.653753053806984+0j),(1.481589990389603e-06+0j),(0.03262243283048256+0j)
809,0.9729008856975804,-1.3048856967780331,32.9219291167102,2.875146649511292,927447.3086228372,(1683474.704181125+0j),(30.78367375982503+0j),(1.0030443922339334+0j),(0.9969662513745159+0j),(5.391141850878767e-07+0j),(0.03248475174866607+0j)
810,0.9729267893952276,-1.3060553600769742,32.925073391081064,2.8749123139894683,842008.9159840585,(1684017.8319675233+0j),(30.91939845040787+0j),(1.004313634335931+0j),(0.9956940729136767+0j),(6.609102097761641e-07+0j),(0.03234215573773102+0j)
811,0.972953731013602,-1.3072750857839757,32.92833852717016,2.8746677473224227,842295.8039060999,(1684591.607811606+0j),(31.061213372928638+0j),(1.0000010878253212+0.0009018406216588596j),(1.0000010878253212-0.0009018406216588596j),(9.140533333886591e-07+0j),(0.03219449246859713+0j)
812,0.9729817520898124,-1.3085471547225465,32.931728918322584,2.8744124653695824,1750142.9669795823,(1685198.2400900149+0j),(31.209421282410123+0j),(1.0014182983573832+0j),(0.9985783726416501+0j),(2.8569094607336386e-07+0j),(0.032041606633827234+0j)
813,0.973010895806317,-1.3098739629896017,32.9352490922336,2.874145957879032,842920.7229419681,(1685841.445883343+0j),(31.364342533505926+0j),(1.0037607079739903+0j),(0.9962478868827475+0j),(8.860333537265981e-07+0j),(0.031883340099716946+0j)
814,0.9730412070527872,-1.3112580286835367,32.93890371221673,2.8738676868098194,1014495.2317995138,(1686520.368088861+0j),(31.526316494839133+0j),(1.002742811597545+0j),(0.9972589675038643+0j),(4.928559389216846e-07+0j),(0.031719531844566405+0j)
815,0.9730622237975765,-1.312220158780154,32.94143374265752,2.8736740886544143,843499.2847857408,(1686998.5695708888+0j),(31.639134224775738+0j),(1.0000011245438964+0.002662943357859718j),(1.0000011245438964-0.002662943357859718j),(7.005131638122978e-07+0j),(0.03160642743557338+0j)
816,0.973085310915383,-1.3132794084207842,32.9442092610222,2.873460797214968,843765.4518466293,(1687530.903692666+0j),(31.76355141025369+0j),(1.0000039582418938+0.0009086735711477849j),(1.0000039582418938-0.0009086735711477849j),(7.509594040784579e-07+0j),(0.03148262570152624+0j)
817,0.973109322404789,-1.314383677318285,32.947091729603905,2.8732382715286,1297617.293300723,(1688090.8564620498+0j),(31.893493295671636+0j),(1.0023851939261614+0j),(0.9976159867369031+0j),(3.8532162185372415e-07+0j),(0.03135435779107936+0j)
818,0.9731329659524258,-1.3154736344428135,32.94992585063278,2.8730184599549977,2000501.6814006823,(1688649.159274198+0j),(32.02198912178294+0j),(1.0034624736294662+0j),(0.9965274286892724+0j),(2.499373055512498e-07+0j),(0.031228540994020428+0j)
819,0.973158938467682,-1.3166739532442309,32.9530343444449,2.8727761957213325,17945510.706070915,(1689272.4961194023+0j),(32.163770299431604+0j),(1.0032401187827293+0j),(0.996759130096882+0j),(2.786212151827208e-08+0j),(0.031090882402481257+0j)
820,0.9731845128427792,-1.3178589515766248,32.95609025920738,2.872536821348141,844947.069113493,(1689894.138226394+0j),(32.30402562031557+0j),(1.0030241022425377+0j),(0.9969729792179629+0j),(6.844159164854555e-07+0j),(0.03095589422054613+0j)
821,0.9732111108289526,-1.3190946357077606,32.959263276799675,2.872286993300892,1871733.3169189815,(1690549.6827658848+0j),(32.45058173926323+0j),(1.0026449661655674+0j),(0.9973507698159523+0j),(2.6713207243811555e-07+0j),(0.03081608853840955+0j)
822,0.9732387732848052,-1.32038331138563,32.96255762086042,2.8720262168373734,845620.8490963329,(1691241.6981920744+0j),(1.0026843043348483+0j),(0.9973143717979812+0j),(32.60375243972716+0j),(8.651328728085103e-07+0j),(0.030671316188174574+0j)
823,0.973267542676769,-1.3217274005082258,32.965977640894785,2.871753970545157,1082006.5967870622,(1691971.775884367+0j),(32.76386985443553+0j),(1.0032566084230616+0j),(0.9967430606367634+0j),(4.621043914933785e-07+0j),(0.030521425107688512+0j)
824,0.9732974631384034,-1.3231294478590896,32.969527813052935,2.8714697046317585,2893535.411840829,(1692742.579227388+0j),(32.93128571233239+0j),(1.0000007266176105+0.0028169423600242533j),(1.0000007266176105-0.0028169423600242533j),(1.727989911420927e-07+0j),(0.0303662604835922+0j)
825,0.9733182080380138,-1.3241040502572976,32.97198525327286,2.8712719342308404,846641.8025025758,(1693283.6050045611+0j),(33.0478993525078+0j),(0.9999987283994138+0.0038138255597882334j),(0.9999987283994138-0.0038138255597882334j),(8.05199473973927e-07+0j),(0.030259109341057824+0j)
826,0.9733409956871268,-1.3251770047702711,32.97468086988075,2.871054044737468,957317.4811899264,(1693885.21863493+0j),(33.176507943250755+0j),(1.0000018542062148+0.0018322136210146061j),(1.0000018542062148-0.0018322136210146061j),(5.222927710237219e-07+0j),(0.0301418100334884+0j)
827,0.973364694770489,-1.3262955310832691,32.97748005823601,2.870826720466651,1594945.1444871528,(1694517.5090811956+0j),(33.31083314187596+0j),(1.0043154570651092+0j),(0.9956869811825342+0j),(3.1349040544013306e-07+0j),(0.030020263850521877+0j)
828,0.9733880297457256,-1.3273995304170918,32.98023199559704,2.870602167470804,847573.6660586707,(1695147.3321167515+0j),(33.443669267117485+0j),(1.0021529545625105+0j),(0.9978466596687072+0j),(1.3214933752769706e-06+0j),(0.029901025273645934+0j)
829,0.9734136621918514,-1.3286152777713582,32.983250004010216,2.8703546760401384,847924.0510612269,(1695848.102121864+0j),(33.590246131143815+0j),(1.0029797837949348+0j),(0.9970264705204429+0j),(7.315326099410103e-07+0j),(0.029770546964598958+0j)
830,0.9734389005710592,-1.3298154706381182,32.98621660811398,2.8701101354506866,848272.7537586412,(1696545.5075166929+0j),(33.73525229014808+0j),(1.0000001492918578+0.003926839473481479j),(1.0000001492918578-0.003926839473481479j),(6.478152461713057e-07+0j),(0.029642582524640273+0j)
831,0.9734651479006812,-1.331066959366489,32.98929651575329,2.869854914250295,848640.3187093912,(1697280.6374181933+0j),(33.88677975354135+0j),(1.0000016257713555+0.0008204125062305858j),(1.0000016257713555-0.0008204125062305858j),(7.00791090311092e-07+0j),(0.02951003333078375+0j)
832,0.9734924443400976,-1.3323720733671762,32.992493779204615,2.869588506995968,849026.7822482,(1698053.5644958112+0j),(34.04515390136126+0j),(0.9999958888445942+0.003735735669691575j),(0.9999958888445942-0.003735735669691575j),(6.944797735356466e-07+0j),(0.02937275604325273+0j)
833,0.9735208316176666,-1.333733258954554,32.995812568081554,2.869310381021161,849434.6777572331,(1698869.3555138777+0j),(34.2107190017144+0j),(0.9999984643857909+0.002879153676524425j),(0.9999984643857909-0.002879153676524425j),(8.215093490035679e-07+0j),(0.029230604593550816+0j)
834,0.973550353087373,-1.3351530860775565,32.999257169626766,2.869019974694538,849864.2600015275,(1699728.5200024666+0j),(34.383839839157346+0j),(0.9999974643900784+0.0042025469013654915j),(0.9999974643900784-0.0042025469013654915j),(1.0634816706013822e-06+0j),(0.02908343002637709+0j)
835,0.9735708203885116,-1.3361400146738796,33.001641239837774,2.868817931703881,850165.9853549476,(1700331.9707093071+0j),(1.0010585409599881+0j),(0.9989459144096158+0j),(34.504432591215725+0j),(8.075856330133294e-07+0j),(0.028981783640596694+0j)
836,0.973593302189734,-1.337226507731095,33.00425609694921,2.868595334492786,856293.2594305554,(1701000.0973491403+0j),(34.63743470106959+0j),(1.004160646564699+0j),(0.9958410339738445+0j),(5.839121054540078e-07+0j),(0.02887049831000395+0j)
837,0.9736166821669154,-1.3383591119313407,33.006971111841466,2.8683630982247617,2183815.481602753,(1701701.8707226738+0j),(0.9999989353903995+0.003906005824853705j),(0.9999989353903995-0.003906005824853705j),(34.77635430044463+0j),(2.289570727070148e-07+0j),(0.028755170578275202+0j)
838,0.9736397019071724,-1.339476970115559,33.00963998494543,2.868133692785393,1007616.0237827756,(1702400.9326478564+0j),(34.913739437235066+0j),(1.001937238270238+0j),(0.9980654467482294+0j),(4.962207708081411e-07+0j),(0.02864201933448178+0j)
839,0.9736636410715382,-1.3406423353341252,33.01241090150737,2.867894333397918,851567.3521079677,(1703134.7042153482+0j),(1.0041652690916678+0j),(0.9958343814139077+0j),(35.05725453848798+0j),(6.708083783327468e-07+0j),(0.028524766504527045+0j)
840,0.9736885361993142,-1.3418573423909808,33.015287525100604,2.867644554661862,851953.0538274565,(1703906.1076543261+0j),(35.20720109380671+0j),(1.00197258237957+0j),(0.9980254457655093+0j),(8.075158416817158e-07+0j),(0.028403280264611433+0j)
841,0.97371442525452,-1.3431242313811929,33.0182736273062,2.867383866591706,2593264.58507344,(1704717.315548909+0j),(35.363897878406256+0j),(1.000000018196469+0.0030851043113703258j),(1.000000018196469-0.0030851043113703258j),(1.9280716779844463e-07+0j),(0.02827742584933563+0j)
842,0.9737413476774028,-1.3444453536085106,33.021373088303434,2.8671117530846857,1133111.0004967472,(1705571.0680717514+0j),(1.004163256848691+0j),(0.9958423796535394+0j),(35.52768211084681+0j),(4.41263035819881e-07+0j),(0.028147065628430844+0j)
843,0.9737693444371862,-1.345823177885961,33.02458989710155,2.8668276702746907,1547731.0402264583,(1706468.6536090872+0j),(35.698910810663676+0j),(1.0027478069157187+0j),(0.9972585435559391+0j),(3.2305354548351893e-07+0j),(0.028012059115860567+0j)
844,0.9737984580860108,-1.347260297247988,33.02792815135549,2.8665310447623518,1297635.3116149278,(1707412.9587632692+0j),(35.877962115257674+0j),(1.0000012024655085+0.0015452417044999982j),(1.0000012024655085-0.0015452417044999982j),(3.8531627147061546e-07+0j),(0.02787226311204172+0j)
845,0.973818641614169,-1.3482592071008443,33.030238314534046,2.866324675461314,2000332.697614025,(1708074.0567050348+0j),(36.00269095824565+0j),(1.0018904674402527+0j),(0.9981064137141795+0j),(2.4995841971509325e-07+0j),(0.027775701576291844+0j)
846,0.9738408107351078,-1.349358853213301,33.03277182373341,2.866097312379263,1469560.0953405104,(1708807.0613921774+0j),(36.14025945021741+0j),(0.9999980618857661+0.002186416721214481j),(0.9999980618857661-0.002186416721214481j),(3.402378722621775e-07+0j),(0.02766997291142386+0j)
847,0.973863864445385,-1.350505127024857,33.035402054998464,2.865860104601902,6084883.202005895,(1709576.51007991+0j),(36.2839538124479+0j),(1.0031376925380846+0j),(0.9968592616005101+0j),(8.217084591454069e-08+0j),(0.02756039226509762+0j)
848,0.9738865618454712,-1.3516364346542626,33.0379872649722,2.865625789099912,855170.3756521618,(1710340.751303739+0j),(36.42606619317655+0j),(0.9999960197764055+0.003557873749333897j),(0.9999960197764055-0.003557873749333897j),(6.330792215299153e-07+0j),(0.02745286835797392+0j)
849,0.9739101646271626,-1.3528157757780237,33.04067098048762,2.8653813076076085,951099.7404374062,(1711144.3104914152+0j),(36.57452482944938+0j),(1.0004408016995896+0j),(0.9995614743421839+0j),(5.25707219486981e-07+0j),(0.027341435183731375+0j)
850,0.973934708664686,-1.3540453044619405,33.04345670757655,2.86512618502449,855993.4145131725,(1711986.8290257608+0j),(36.72964234513617+0j),(1.0000002281364166+0.0011525499592497277j),(1.0000002281364166-0.0011525499592497277j),(6.831953375664927e-07+0j),(0.027225966172044494+0j)
851,0.9739602312207636,-1.3553272805682135,33.04634805263589,2.864859921187338,1469491.71442834,(1712871.3656686917+0j),(36.891749177954665+0j),(0.9999983942514843+0.0030937883609053096j),(0.9999983942514843-0.0030937883609053096j),(3.402537047951763e-07+0j),(0.02710633196535148+0j)
852,0.9739867709957416,-1.3566640756546249,33.04934872260241,2.864581989313012,1042040.7646584156,(1713801.1996920812+0j),(37.061194919093516+0j),(0.9999989416722775+0.003862245410527488j),(0.9999989416722775-0.003862245410527488j),(4.798276775323821e-07+0j),(0.02698240038356182+0j)
853,0.9740143681777772,-1.3580581792506108,33.05246252474378,2.8642918343264507,877267.0469603849,(1714778.2536464953+0j),(37.238349708913994+0j),(1.0013481032854386+0j),(0.998648867164097+0j),(5.699518769485264e-07+0j),(0.026854036438711756+0j)
854,0.9740430644940058,-1.3595122055372462,33.05569336600709,2.8639888710635955,884391.3968393417,(1715805.9452587608+0j),(37.42360561015769+0j),(1.0000016864238443+0.0025511220221399898j),(1.0000016864238443-0.0025511220221399898j),(5.653605426139052e-07+0j),(0.02672110246182866+0j)
855,0.9740629576014236,-1.3605228225068475,33.057928884597416,2.863778094096865,1219042.3766464796,(1716524.2816313133+0j),(37.5526612708073+0j),(1.0029264772910407+0j),(0.9970738227264418+0j),(4.101580138465386e-07+0j),(0.026629271166401607+0j)
856,0.97408480669,-1.361635313894616,33.06038023706146,2.863545876591659,858659.7923447002,(1717319.584688818+0j),(37.69500635888132+0j),(0.9999983526764682+0.0035272821306527877j),(0.9999983526764682-0.0035272821306527877j),(7.339900717041011e-07+0j),(0.026528712861307212+0j)
857,0.9741075264324416,-1.3627949297900577,33.06292484517554,2.863303606129796,1606618.167506934,(1718154.9039396858+0j),(37.84369478569773+0j),(1.0031469908976611+0j),(0.9968607035541377+0j),(3.1121271383101697e-07+0j),(0.02642448116292003+0j)
858,0.9741298938555814,-1.3639393569011309,33.06542556718317,2.8630642917215363,859491.1784506735,(1718982.356900765+0j),(37.99075105087535+0j),(0.9999988950462664+0.004423150521954437j),(0.9999988950462664-0.004423150521954437j),(8.00318960283307e-07+0j),(0.026322196122448467+0j)
859,0.9741531522558916,-1.3651323228493544,33.06802122586865,2.862814596723553,988508.2441826971,(1719851.034189744+0j),(38.144379333300876+0j),(0.9999988538029931+0.0027158027028509626j),(0.9999988538029931-0.0027158027028509626j),(5.058126757592498e-07+0j),(0.02621618223911327+0j)
860,0.9741773368240216,-1.366375999404594,33.070715168831626,2.8625540363331,1631531.0144889571,(1720762.8540445822+0j),(38.30490364841023+0j),(1.003271942124279+0j),(0.9967307220877515+0j),(3.064606161695685e-07+0j),(0.026106318114744283+0j)
861,0.9742024841019176,-1.3676726645100616,33.07351083641227,2.862282100217115,958237.331836268,(1721718.7130905543+0j),(38.47266663667713+0j),(1.0050874004157415+0j),(0.994911186378288+0j),(5.21791401136488e-07+0j),(0.025992479529515437+0j)
862,0.9742286320295314,-1.369024708151696,33.07641176145943,2.8619982509322663,1079706.831833462,(1722722.5722183408+0j),(38.64803072241242+0j),(1.000000722436099+0.0026841164221976218j),(1.000000722436099-0.0026841164221976218j),(4.630886693113275e-07+0j),(0.025874539564056828+0j)
863,0.974255819992397,-1.3704346385970432,33.07942156869164,2.861701922228523,861888.1656624589,(1723776.3313243375+0j),(38.831379674275986+0j),(1.0027041769526355+0j),(0.9972979766869594+0j),(5.861136532974587e-07+0j),(0.025752368532564036+0j)
864,0.9742840888699976,-1.371905089030029,33.08254397359007,2.861392517226869,989808.548133661,(1724883.0589339887+0j),(1.0000021864408248+0.001100213862522356j),(1.0000021864408248-0.001100213862522356j),(39.023120017720835+0j),(5.051481934995463e-07+0j),(0.02562583410925517+0j)
865,0.9743036845032512,-1.3729270710242305,33.08470414087895,2.861177261479478,1389096.3008403648,(1725656.3693947606+0j),(39.15669709064713+0j),(1.0018129759045054+0j),(0.9981888635357862+0j),(3.5994624684953707e-07+0j),(0.025538415502344942+0j)
866,0.9743252057679102,-1.3740520249108985,33.08707256308695,2.860940112374676,13510291.09581484,(1726512.3886158634+0j),(39.30403305515814+0j),(1.0036340167748892+0j),(0.9963702412648554+0j),(3.700882508407894e-08+0j),(0.02544268163515093+0j)
867,0.9743463924000008,-1.375162097898727,33.0894000317242,2.860705889229599,863680.6807016646,(1727361.3614027505+0j),(39.44972957437765+0j),(1.0016792003467003+0j),(0.998324653221701+0j),(9.233232214994896e-07+0j),(0.02534871622160486+0j)
868,0.9743696604013394,-1.376384221318904,33.091951413742564,2.8604477804293564,864149.9365554053,(1728299.873110232+0j),(39.61048980090266+0j),(0.9999974511836915+0.003288353125744376j),(0.9999974511836915-0.003288353125744376j),(6.423784674928695e-07+0j),(0.025245837782528743+0j)
869,0.9743925659639868,-1.3775903857118974,33.09445819110853,2.86019279134396,1272462.2546943994,(1729233.4040665086+0j),(39.76951926725148+0j),(1.002039800539967+0j),(0.9979656682897518+0j),(3.929389639303365e-07+0j),(0.02514488528966119+0j)
870,0.974416382215784,-1.3788477576640956,33.09705949666817,2.859926710590476,865105.8999802389,(1730211.7999598999+0j),(39.93569192338508+0j),(1.0047269439343811+0j),(0.9952879901078724+0j),(9.84566520264783e-07+0j),(0.025040257269576344+0j)
871,0.9744411449588674,-1.3801586313523393,33.09975860412265,2.859649017710031,865616.9891001157,(1731233.9781996538+0j),(40.10936305122907+0j),(0.9999960749864638+0.004465687867819967j),(0.9999960749864638-0.004465687867819967j),(8.723769369276364e-07+0j),(0.024931834462769312+0j)
872,0.974466891352855,-1.381525413196499,33.102558871705774,2.8593591646574623,866154.6357321161,(1732309.271463655+0j),(40.29090821083548+0j),(1.0035489955340666+0j),(0.9964498284087488+0j),(6.588775897765006e-07+0j),(0.02481949512697054+0j)
873,0.974493659959798,-1.3829506280491184,33.105463741127174,2.8590565740824747,1159624.6075763504,(1733436.7482844768+0j),(40.4807253698989+0j),(1.0021449750382185+0j),(0.9978568733293792+0j),(4.311740167752284e-07+0j),(0.0247031146517853+0j)
874,0.9745214907897092,-1.384436925770642,33.108476736026184,2.8587406374845235,867310.0421533228,(1734620.0843060692+0j),(40.67923598423777+0j),(1.0000030022633304+0.002051895634933261j),(1.0000030022633304-0.002051895634933261j),(9.335944454991523e-07+0j),(0.02458256591611533+0j)
875,0.9745407815540384,-1.3854698651743096,33.1105608813456,2.8585208417632915,1076747.6728524724,(1735444.3459075503+0j),(40.81753321487372+0j),(0.9999941540913049+0.0026220371253349176j),(0.9999941540913049-0.0026220371253349176j),(4.643613472370271e-07+0j),(0.024499275709168346+0j)
876,0.9745619668353742,-1.386606826534488,33.11284564085227,2.8582786948989733,868180.2983004935,(1736360.596600411+0j),(40.9700786975023+0j),(1.0037349987990627+0j),(0.9962766902406055+0j),(7.578671302483225e-07+0j),(0.024408056605990245+0j)
877,0.9745828215183254,-1.3877286922602767,33.11509057314463,2.8580395398449845,3024201.1447894704,(1737264.571915784+0j),(41.120930244516366+0j),(0.9999990635787622+0.0016231450920329152j),(0.9999990635787622-0.0016231450920329152j),(1.6533291803737518e-07+0j),(0.024318515997900123+0j)
878,0.9746045047308484,-1.3888979241905104,33.11742028612797,2.857790050739571,869107.044461591,(1738214.0889226068+0j),(41.27850248583106+0j),(1.0032637369035418+0j),(0.9967455074898396+0j),(7.090295392811306e-07+0j),(0.02422568503650741+0j)
879,0.974627049010925,-1.390116622899591,33.11983773138062,2.857529748508889,869602.9591090343,(1739205.9182174937+0j),(41.44312497411313+0j),(0.9999997701540575+0.0005290522405687074j),(0.9999997701540575-0.0005290522405687074j),(6.149238651446382e-07+0j),(0.024129454538600395+0j)
880,0.9746504881298808,-1.3913869900223694,33.122345938785216,2.857258129172435,22879667.54465729,(1740245.6380903092+0j),(41.61514567524361+0j),(1.0037624750621876+0j),(0.9962339118201159+0j),(2.1853464392525973e-08+0j),(0.024029712831094948+0j)
881,0.9746748571335716,-1.392711333699113,33.12494801591625,2.856974662330144,870668.1203114053,(1741336.2406222364+0j),(41.79493263027983+0j),(1.0025143073550837+0j),(0.9974886155000622+0j),(6.932008926954333e-07+0j),(0.02392634554161503+0j)
882,0.974700192384191,-1.3940920743504837,33.127647147034224,2.856678789541672,871239.5581245382,(1742479.1162485024+0j),(1.0000050851442+0.0026486710350770294j),(1.0000050851442-0.0026486710350770294j),(41.98287530735651+0j),(6.068247004505838e-07+0j),(0.023819235644996415+0j)
883,0.9747265316026038,-1.3955317508052791,33.13044659162952,2.856369922587924,871837.5952549548,(1743675.190509336+0j),(42.179386062271696+0j),(0.999999672064478+0.002653778426273457j),(0.999999672064478-0.002653778426273457j),(1.4279394011246866e-06+0j),(0.023708263522930904+0j)
884,0.9747539139110468,-1.3970330268023925,33.13334968245886,2.856047441605676,872465.4470121969,(1744930.8940238208+0j),(42.38490155906356+0j),(1.0036489150478292+0j),(0.9963553895416072+0j),(5.857790228813886e-07+0j),(0.023593307126272722+0j)
885,0.974772892521887,-1.3980763131111538,33.13535747091697,2.855823098436635,872903.3287436585,(1745806.6574867442+0j),(0.9999996072294017+0.003331947836528701j),(0.9999996072294017-0.003331947836528701j),(42.52808162760934+0j),(1.1869637872810227e-06+0j),(0.023513875108608726+0j)
886,0.9747937337971286,-1.3992246037496006,33.13755820721926,2.8555759469309043,873387.8164025674,(1746775.6328045623+0j),(42.68601571311073+0j),(1.0000023989075255+0.0021606705393725284j),(1.0000023989075255-0.0021606705393725284j),(6.147987035703644e-07+0j),(0.023426876069218915+0j)
887,0.9748142486108532,-1.4003575866593894,33.139720255909054,2.85533185456306,873867.2138067259,(1747734.4276128798+0j),(42.84219848817935+0j),(0.9999996972684779+0.004203356421139942j),(0.9999996972684779-0.004203356421139942j),(9.441708341507237e-07+0j),(0.023341472550152145+0j)
888,0.9748355771483684,-1.4015383395275265,33.141963611615786,2.8550772207170363,874369.3872541725,(1748738.774507773+0j),(43.00534218333627+0j),(1.0000017548284679+0.004097485624917195j),(1.0000017548284679-0.004097485624917195j),(5.861857440145253e-07+0j),(0.023252925083977218+0j)
889,0.9748577512510216,-1.4027689747995868,33.1442910744036,2.854811557325309,3362296.762902533,(1749789.2693044366+0j),(43.175788123562214+0j),(1.0051975047244952+0j),(0.9948037147793956+0j),(-1.4870787299821255e-07+0j),(0.023161129036911962+0j)
890,0.9748808039565108,-1.4040517059833089,33.14670551562264,2.8545343510132444,875444.4546688945,(1750888.909337218+0j),(43.353896934207015+0j),(1.0010058934508173+0j),(0.9989911115212906+0j),(6.140778251530862e-07+0j),(0.023065977241163087+0j)
891,0.9749047695377884,-1.4053888530380934,33.14920987695137,2.854245061569556,1117197.5867414903,(1752042.2689619646+0j),(43.54004989169189+0j),(1.0000050937560214+0.0008318931745205958j),(1.0000050937560214-0.0008318931745205958j),(4.475484067759589e-07+0j),(0.02296735999355889+0j)
892,0.9749296835424296,-1.406782848086397,33.151807169026974,2.853943120308063,3690392.469110831,(1753247.3946101242+0j),(43.734650639682535+0j),(1.0023194294823512+0j),(0.9976812561942319+0j),(1.3548694459602557e-07+0j),(0.02286516492925973+0j)
893,0.974955582832347,-1.4082362414669027,33.154500469610426,2.853627928311683,1051026.0693157497,(1754510.9466674495+0j),(43.938126207154255+0j),(1.0023812775610306+0j),(0.9976179343432369+0j),(4.75725592920477e-07+0j),(0.02275927733662212+0j)
894,0.9749825056236964,-1.4097517081511122,33.15729292122492,2.8532988545491302,877917.6688763977,(1755835.3377522258+0j),(1.0000009692382466+0.0028245408512218013j),(1.0000009692382466-0.0028245408512218013j),(44.15092914070655+0j),(5.940513488550734e-07+0j),(0.02264957996269934+0j)
895,0.975001164438231,-1.4108047874257272,33.15922385101685,2.853069931717794,878379.4394877056,(1756758.878974842+0j),(44.29918821762868+0j),(1.0034999456689069+0j),(0.9964981488532388+0j),(7.466547324121087e-07+0j),(0.022573777087904593+0j)
896,0.9750216532944932,-1.4119637913926415,33.16134002048317,2.852817741461528,878889.23710348,(1757778.4742063913+0j),(44.46272653516898+0j),(0.9999954361462016+0.002657158796049097j),(0.9999954361462016-0.002657158796049097j),(1.3867557772536055e-06+0j),(0.022490748497142745+0j)
897,0.9750418199383428,-1.4131072773420577,33.16341865822333,2.8525686795130185,987918.8364821256,(1758791.1514054602+0j),(44.624453007473825+0j),(1.0043405972103883+0j),(0.995668703387802+0j),(5.061144514468164e-07+0j),(0.022409238267465957+0j)
898,0.9750627851512624,-1.414298904361155,33.16557511674669,2.852308868769457,1300868.466364553,(1759847.0652031805+0j),(44.793389407851414+0j),(1.0044339917093654+0j),(0.995567595284633+0j),(3.8435861344028824e-07+0j),(0.02232472275975552+0j)
899,0.9750845800637266,-1.4155407947814618,33.16781204500438,2.8520378123023016,880476.3473511493,(1760952.6947017307+0j),(44.96988910288803+0j),(1.0000005822596163+0.0004505305398042951j),(1.0000005822596163-0.0004505305398042951j),(1.2771012015833885e-06+0j),(0.022237101757399992+0j)
900,0.9751072369651276,-1.4168351718620456,33.170132156332905,2.851754987492764,2558725.2134156874,(1762109.1957930056+0j),(45.15432571973409+0j),(1.0000002859771553+0.0015474814327379742j),(1.0000002859771553-0.0015474814327379742j),(-1.9540980695326807e-07+0j),(0.022146272456974467+0j)
901,0.9751307893404212,-1.418184365114317,33.17253822716617,2.851459844487541,881659.6018346644,(1763319.2036687615+0j),(45.34709426989789+0j),(0.9999973387358221+0.003798724082440002j),(0.9999973387358221-0.003798724082440002j),(5.888096808888496e-07+0j),(0.02205212960389359+0j)
902,0.9751552719070692,-1.419590815938223,33.17503309532317,2.8511518045453075,1423479.6780244026,(1764587.3136311206+0j),(45.54861261002212+0j),(1.0007845654252467+0j),(0.999217734035991+0j),(3.512519410842549e-07+0j),(0.021954565522375295+0j)
903,0.9751807206521732,-1.4210570835903296,33.177619657812976,2.8508302582651384,1799957.0409445425,(1765913.7505876091+0j),(45.75932327233414+0j),(1.000000405396431+0.004194144086928139j),(1.000000405396431-0.004194144086928139j),(2.7778440741989016e-07+0j),(0.021853470036008894+0j)
904,0.9751983570882132,-1.4220758241106932,33.179408129932185,2.850606608372704,1078471.4938783736,(1766839.5637724446+0j),(45.90609718410841+0j),(1.0000027325991527+0.0010175623128710217j),(1.0000027325991527-0.0010175623128710217j),(4.636191154223459e-07+0j),(0.021783598723047266+0j)
905,0.9752177225454326,-1.423196892214542,33.18136809222449,2.850360261594968,1264025.2436666011,(1767860.616487584+0j),(46.067971108530216+0j),(1.0045175596959788+0j),(0.9954873436785904+0j),(3.955617203891523e-07+0j),(0.02170705537789254+0j)
906,0.9752367826990668,-1.4243028034686287,33.183293209530724,2.850117006229368,884435.5124045687,(1768871.0248085721+0j),(46.22802470993918+0j),(1.000001765399695+0.0009455832949356765j),(1.000001765399695-0.0009455832949356765j),(7.785614460785072e-07+0j),(0.021631899832942864+0j)
907,0.9752577105082684,-1.4255199679547994,33.18540243843738,2.849849004248276,884992.683477277,(1769985.366953989+0j),(46.40460404373816+0j),(0.9999961316179133+0.004077256905543628j),(0.9999961316179133-0.004077256905543628j),(1.037038269713817e-06+0j),(0.02154958587853917+0j)
908,0.9752783073938324,-1.4267208494198684,33.187473671200344,2.8495843038207007,885545.7713791352,(1771091.5427577058+0j),(46.579258813501646+0j),(1.0023779687816294+0j),(0.9976256113183332+0j),(9.156061685387376e-07+0j),(0.02146878300498881+0j)
909,0.9752997179647286,-1.427972301821932,33.1896218250815,2.849308155631639,1512235.2425191114,(1772246.4306355543+0j),(1.0000016720264848+0.002484659737351637j),(1.0000016720264848-0.002484659737351637j),(46.76173337304984+0j),(3.3063638906281854e-07+0j),(0.021385007095910152+0j)
910,0.9753219737620386,-1.4292765545578914,33.19184946098404,2.849020028612268,886727.3597435807,(1773454.7194865975+0j),(46.95241380049171+0j),(1.0000024775042304+0.0025816474015536925j),(1.0000024775042304-0.0025816474015536925j),(9.976944494116185e-07+0j),(0.02129815954189999+0j)
911,0.975345107483425,-1.4306359428838693,33.19415919609839,2.848719364112905,1782800.6110841015,(1774718.2237356752+0j),(47.15170841664482+0j),(1.0033466605731909+0j),(0.9966591266861411+0j),(2.804576108463384e-07+0j),(0.021208139292927402+0j)
912,0.9753691530177842,-1.4320529134667543,33.19655370188111,2.848405574237873,888019.3747046043,(1776038.7494086456+0j),(47.360049203059255+0j),(0.9999978696127501+0.0016672822465404627j),(0.9999978696127501-0.0016672822465404627j),(7.916776109293667e-07+0j),(0.021114842928320086+0j)
913,0.9753941454799224,-1.4335300302550211,33.19903570154293,2.848078040063101,888711.3617029327,(1777422.723405303+0j),(47.57789327782838+0j),(1.0000003521115701+0.004065640729650536j),(1.0000003521115701-0.004065640729650536j),(7.491330059171229e-07+0j),(0.021018164763214647+0j)
914,0.9754114644982492,-1.434556237218781,33.20075156629803,2.847850233947675,889193.6209710623,(1778387.2419415624+0j),(47.72963594549024+0j),(1.0000012332517514+0.0019552207626872802j),(1.0000012332517514-0.0019552207626872802j),(1.1842763857759485e-06+0j),(0.02095134354559191+0j)
915,0.9754304802794174,-1.4356854539261077,33.202631668026264,2.847599317394998,889724.8229494258,(1779449.6458982895+0j),(47.89698961599021+0j),(0.9999965418934167+0.0022437108319600936j),(0.9999965418934167-0.0022437108319600936j),(7.008385705160532e-07+0j),(0.020878138856266788+0j)
916,0.975449195099585,-1.4367993336802405,33.20447804581822,2.847351558152075,2565358.6678197966,(1780502.1850327686+0j),(48.062460964384535+0j),(0.9999977390401489+0.0024095674880644548j),(0.9999977390401489-0.0024095674880644548j),(1.9490452008605504e-07+0j),(0.02080625877108269+0j)
917,0.9754686489845844,-1.4379598778344047,33.206393150363866,2.8470931538481388,890801.4777370893,(1781602.9554736172+0j),(48.23527891982243+0j),(1.0000014732041875+0.00214821161050701j),(1.0000014732041875-0.00214821161050701j),(8.503277506911416e-07+0j),(0.020731713849155117+0j)
918,0.97548887058126,-1.4391691241518985,33.2083792876954,2.846823616478179,1342395.3230016683,(1782752.7161847274+0j),(48.41580102479772+0j),(1.004315430988008+0j),(0.9956923188632938+0j),(3.724685205860539e-07+0j),(0.020654414030815464+0j)
919,0.9755098895896248,-1.4404292056661012,33.21043881686491,2.846542433165954,891976.1301531948,(1783952.2603058289+0j),(48.60440486552469+0j),(1.0001196279678894+0j),(0.999877690196453+0j),(1.0137961242490292e-06+0j),(0.0205742669366438+0j)
920,0.9755317367950724,-1.4417423555715114,33.21257414848311,2.8462490646993643,1518740.915520125,(1785207.3520755968+0j),(48.801489226432494+0j),(0.9999977900785612+0.0028847566616911446j),(0.9999977900785612-0.0028847566616911446j),(3.2922007624244364e-07+0j),(0.02049117795073734+0j)
921,0.9755544441007452,-1.443110912389942,33.21478774286127,2.8459429439645723,1981245.9740001715,(1786521.5533156306+0j),(1.0000028881966072+0.002802961413132158j),(1.0000028881966072-0.002802961413132158j),(49.007475811112364+0j),(2.523664434207141e-07+0j),(0.02040505011631349+0j)
922,0.975578044559954,-1.4445373254282097,33.217082107706624,2.8456234742719224,893946.7823871835,(1787893.5647738078+0j),(49.2228109124044+0j),(1.0000003202310905+0.0032254439213650395j),(1.0000003202310905-0.0032254439213650395j),(7.303175690211964e-07+0j),(0.02031578411440108+0j)
923,0.975602572408492,-1.4460241605441209,33.219459795316595,2.8452900275643582,894666.0464402658,(1789332.092879973+0j),(49.44796653985501+0j),(1.0050280479200655+0j),(0.9949905612217975+0j),(5.86119191099693e-07+0j),(0.020223278528445424+0j)
924,0.9756195682548572,-1.4470570437196273,33.221103239025375,2.8450581189442428,895165.0773852187,(1790330.1547698788+0j),(49.604801178542616+0j),(1.000002017526437+0.0018746356842030873j),(1.000002017526437-0.0018746356842030873j),(7.626116187110109e-07+0j),(0.020159338939808747+0j)
925,0.9756382280601956,-1.448193535130141,33.22290369670168,2.844802693018253,895715.6710298939,(1791431.3420592295+0j),(49.77776942068585+0j),(0.9999956269344272+0.0042553738806903035j),(0.9999956269344272-0.0042553738806903035j),(6.342370279668592e-07+0j),(0.02008928908704069+0j)
926,0.975656591366446,-1.4493145169354211,33.224671560427176,2.844550490802537,896261.4574889475,(1792522.9149773372+0j),(49.948790864878305+0j),(1.0024674896958796+0j),(0.9975259034494677+0j),(7.919620009819774e-07+0j),(0.020020504654555085+0j)
927,0.9756756786190096,-1.4504823823820938,33.22650491324526,2.8442874629256134,896831.7227504008,(1793663.445500244+0j),(50.127403907271585+0j),(1.000000062229602+0.0026992825447336817j),(1.000000062229602-0.0026992825447336817j),(8.959931563386371e-07+0j),(0.019949167961093927+0j)
928,0.9756955177731926,-1.451699171918475,33.22840592476207,2.8440131140595706,897426.654401282,(1794853.3088020068+0j),(50.313977809110256+0j),(0.9999981711016548+0.0027661608403748397j),(0.9999981711016548-0.0027661608403748397j),(6.386743084086028e-07+0j),(0.01987519261135914+0j)
929,0.9757161378027936,-1.452967020774382,33.23037681172863,2.8437269237225995,1134253.968388504,(1796098.0116698048+0j),(50.508902302697976+0j),(1.0035767212340176+0j),(0.9964258474383586+0j),(4.4081838277407515e-07+0j),(0.019798490056413216+0j)
930,0.9757375687303842,-1.4542881637716547,33.2324198363323,2.843428344805909,898698.0543561864,(1797396.1087118164+0j),(50.71258944072588+0j),(1.002030204417074+0j),(0.997961187616493+0j),(9.292689395691946e-07+0j),(0.019718969412308333+0j)
931,0.9757598416576396,-1.4556649404000783,33.23453730408428,2.843116802000538,1637619.99378341,(1798755.0694246371+0j),(50.92547446923538+0j),(0.9999985523488706+0.0035982913082196998j),(0.9999985523488706-0.0035982913082196998j),(3.0532113793071835e-07+0j),(0.019636537713640278+0j)
932,0.9757829887955926,-1.4570998001740416,33.23673156125365,2.8427916901156363,2807021.423488404,(1800175.3662364269+0j),(51.1480180577388+0j),(1.0039542607449303+0j),(0.9960455744830269+0j),(1.781247538106228e-07+0j),(0.019551099690150786+0j)
933,0.975807043494666,-1.458595308285786,33.2390049917928,2.8424523722798787,900829.8690683118,(1801659.7381360685+0j),(51.380707679846964+0j),(0.999999718016537+0.0037206091031083163j),(0.999999718016537-0.0037206091031083163j),(9.701845079029092e-07+0j),(0.01946255793576942+0j)
934,0.9758237102761969,-1.4596341370900772,33.24057606495421,2.842216391227124,991237.572976416,(1802694.6056017466+0j),(51.542787842756375+0j),(1.0042711078105815+0j),(0.9957351686296545+0j),(5.04419942939374e-07+0j),(0.01940135646233618+0j)
935,0.9758420076571184,-1.460777095195242,33.24229694582512,2.8419564902564494,977026.0434270108,(1803832.4491278008+0j),(51.721539241522315+0j),(0.999997270847565+0.0037109737248003792j),(0.999997270847565-0.0037109737248003792j),(5.117570850479419e-07+0j),(0.01933430471452995+0j)
936,0.9758600131260116,-1.461904377866848,33.24398637387456,2.8416998801977376,1566617.268547383,(1804959.0969683346+0j),(51.89827652358768+0j),(1.003240109793465+0j),(0.9967535651155732+0j),(3.1915899948151777e-07+0j),(0.019268462596161495+0j)
937,0.975878727198252,-1.4630787255209066,33.245738069438666,2.8414322666853,903068.460887398,(1806136.9217742425+0j),(52.082856606885436+0j),(1.0000004881633826+0.0025851673653002685j),(1.0000004881633826-0.0025851673653002685j),(8.863138594333922e-07+0j),(0.01920017574205759+0j)
938,0.9758981771321142,-1.4643021793290765,33.24755406754672,2.8411531472993707,988010.6207373764,(1807365.4184188251+0j),(52.2756607012498+0j),(1.0021975126935514+0j),(0.9978024128716082+0j),(5.060674344036565e-07+0j),(0.01912936128564448+0j)
939,0.9759183911699062,-1.4655768746465734,33.24943644468774,2.8408619942024087,904325.0053810428,(1808650.0107615325+0j),(52.47709108049832+0j),(1.0000040160054966+0.0028923876618618446j),(1.0000040160054966-0.0028923876618618446j),(1.086747639117326e-06+0j),(0.01905593430218361+0j)
940,0.9759393985663796,-1.466905045735887,33.251387316874634,2.840558252659996,904994.6010888529,(1809989.202177153+0j),(52.68757301083373+0j),(1.0000008142532033+0.0005400353076662097j),(1.0000008142532033-0.0005400353076662097j),(6.132264635029077e-07+0j),(0.018979807625501614+0j)
941,0.9759612296170936,-1.468289030746464,33.25340883729791,2.8402413394613086,1402994.031610228,(1811388.362221865+0j),(52.907555732293794+0j),(1.002422126721583+0j),(0.9975731869043112+0j),(3.5638070350606505e-07+0j),(0.018900892058965307+0j)
942,0.9759839156865971,-1.469731276964183,33.255503193520546,2.839910641231897,906425.9322555874,(1812851.8645106233+0j),(53.13751442383814+0j),(0.9999987364245182+0.001963176767536122j),(0.9999987364245182-0.001963176767536122j),(5.7639057303002e-07+0j),(0.018819096279584033+0j)
943,0.9760074892362668,-1.4712343463448132,33.25767260416156,2.8395655126301613,907190.2021753514,(1814380.4043501518+0j),(53.37795209884452+0j),(0.9999976883647186+0.004936511116758653j),(0.9999976883647186-0.004936511116758653j),(6.75326767245148e-07+0j),(0.018734326827456318+0j)
944,0.9760238214418904,-1.4722783446288723,33.259171484647375,2.839325502362087,907722.620293154,(1815445.2405857574+0j),(53.54542599718047+0j),(0.9999987923471401+0.004261229880002555j),(0.9999987923471401-0.004261229880002555j),(8.12568513797608e-07+0j),(0.018675731519117736+0j)
945,0.976041750378843,-1.4734269118163017,33.26081299685846,2.83906117511486,7340127.899991807,(1816618.7645648895+0j),(53.730122691796154+0j),(1.0032370890487308+0j),(0.996761416705671+0j),(6.811870403519268e-08+0j),(0.018611533901310037+0j)
946,0.9760593921192556,-1.4745596457966763,33.262424207351465,2.838800206558873,908889.1584633756,(1817778.3169262009+0j),(53.91273508320164+0j),(1.0005161407343623+0j),(0.9994823928859637+0j),(6.119429792536274e-07+0j),(0.018548493198443993+0j)
947,0.9760777269232812,-1.47573958676942,33.26409448648642,2.8385280601288456,2613277.2546652425,(1818989.4480480808+0j),(54.10344745651917+0j),(1.0000018594107245+0.00035967466147674825j),(1.0000018594107245-0.00035967466147674825j),(1.913306363140055e-07+0j),(0.018483110541219767+0j)
948,0.976096781348626,-1.4769687746630968,33.26582573689873,2.8382442265641696,1275944.056185017,(1820254.3953668852+0j),(54.302653011845216+0j),(1.0055821313521485+0j),(0.9944283963314386+0j),(3.918667104379495e-07+0j),(0.018415306518848464+0j)
949,0.9761165829029216,-1.4782493428876726,33.26761989720574,2.837948170941972,910785.44868508,(1821570.897369611+0j),(54.51076706339466+0j),(0.9999984656391188+0.0047935875686943635j),(0.9999984656391188-0.0047935875686943635j),(9.671917465068045e-07+0j),(0.01834499960047865+0j)
950,0.9761371600703542,-1.4795835229667555,33.269478939862296,2.837639331193712,911473.7963333636,(1822947.592666179+0j),(54.72822786655007+0j),(0.9999964262721678+0.004825687990671395j),(0.9999964262721678-0.004825687990671395j),(7.670059581994278e-07+0j),(0.018272106351385185+0j)
951,0.9761585423381391,-1.4809736494155925,33.271404868602325,2.837317116520744,20072965.27197249,(1824388.0022694217+0j),(54.95549883891476+0j),(1.0035686123975653+0j),(0.9964349167894392+0j),(2.4909124946185256e-08+0j),(0.018196541222045875+0j)
952,0.9761807602227208,-1.4824221648777578,33.27339971541899,2.836980905703275,912944.5452435128,(1825889.090486478+0j),(55.19307031654287+0j),(0.9999977482242639+0.00300681717134983j),(0.9999977482242639-0.00300681717134983j),(9.194154551957182e-07+0j),(0.018118216549016516+0j)
953,0.9762038452955324,-1.4839316255338149,33.275465537031025,2.8366300452940245,11930474.266256448,(1827459.0040926617+0j),(55.44146065793045+0j),(1.0038850557576344+0j),(0.9961139200690898+0j),(-4.190948229226525e-08+0j),(0.01803704282197165+0j)
954,0.976219837890308,-1.484979977311218,33.27689253788362,2.8363860619014347,1971379.5960004996,(1828551.0796469017+0j),(55.614469669396854+0j),(0.9999990026675709+0.0023012165943081427j),(0.9999990026675709-0.0023012165943081427j),(2.5362948922390366e-07+0j),(0.0179809320478109+0j)
955,0.9762373928960562,-1.486133252745025,33.27845503887304,2.8361173712671275,2049754.390639889,(1829755.0947378632+0j),(55.805266540814664+0j),(1.0039471329417067+0j),(0.9960520975812659+0j),(2.439316643414729e-07+0j),(0.017919455671243707+0j)
956,0.9762546655504964,-1.4872705464747626,33.279988397744255,2.835852107441264,915473.1982608966,(1830946.396521247+0j),(55.99390586059095+0j),(1.0025219225613828+0j),(0.9974886689524957+0j),(6.532385907372658e-07+0j),(0.01785908635287889+0j)
957,0.97627261556336,-1.4884551487920556,33.281577655844096,2.835575495223144,916092.15572953,(1832184.3114585145+0j),(56.190908076224424+0j),(0.9999977625197359+0.003144463089752584j),(0.9999977625197359-0.003144463089752584j),(5.601163139953604e-07+0j),(0.017796473383976115+0j)
958,0.9762912687902748,-1.4896890964314486,33.28322458591747,2.835287018778806,916740.5785226936,(1833481.157044842+0j),(56.39667823278844+0j),(1.0031101055908638+0j),(0.9968944494283309+0j),(7.358938627170592e-07+0j),(0.017731540781039397+0j)
959,0.976310652003192,-1.4909745188095829,33.28493099143405,2.834986136387605,917416.3680008284,(1834832.736001112+0j),(56.6116446227647+0j),(1.0000026159559305+0.0016970027468862984j),(1.0000026159559305-0.0016970027468862984j),(9.15230526432988e-07+0j),(0.017664210369847756+0j)
960,0.9763307929153012,-1.4923136425615393,33.286698704255066,2.834672278954657,1599187.6630659983,(1836241.233844791+0j),(56.83625932744199+0j),(0.9999971468238371+0.0038499459935186116j),(0.9999971468238371-0.0038499459935186116j),(3.126587401515077e-07+0j),(0.01759440209178364+0j)
961,0.9763517202057176,-1.493708796312673,33.28852958188539,2.83434484842434,918857.3308162062,(1837714.6616318682+0j),(57.070999845886845+0j),(0.9999984107649069+0.002954639135170359j),(0.9999984107649069-0.002954639135170359j),(6.516469732330948e-07+0j),(0.017522034005016864+0j)
962,0.976373463543805,-1.4951624156987051,33.290425504261336,2.8340032160863267,919626.9871394476,(1839253.9742783513+0j),(57.31637136829556+0j),(1.0021568906865637+0j),(0.997847553465308+0j),(6.244164566817456e-07+0j),(0.017447022135696634+0j)
963,0.976396053612967,-1.4966770486449537,33.2923883700268,2.8336467207679448,1019918.1895955488,(1840859.8282180037+0j),(57.57290837049932+0j),(1.0051528895098714+0j),(0.9948519535035334+0j),(4.902353983885673e-07+0j),(0.017369280592273256+0j)
964,0.9764117021263442,-1.4977289046030562,33.293743945225515,2.8333988327396176,920987.7847442712,(1841975.5694879997+0j),(57.75158638066262+0j),(0.9999990079341275+0.0007231455684206813j),(0.9999990079341275-0.0007231455684206813j),(9.100134792306915e-07+0j),(0.017315541661637502+0j)
965,0.976428878342321,-1.4988859514517985,33.29522794785992,2.833125855186376,21840586.983926807,(1843206.996960532+0j),(57.94862987224819+0j),(1.0000014222477205+0.002565322680069538j),(1.0000014222477205-0.002565322680069538j),(2.2893157604599474e-08+0j),(0.017256663396608984+0j)
966,0.9764457771811684,-1.5000268785626991,33.296683974695625,2.832856372645942,922211.031774287,(1844422.0635480317+0j),(58.14343991087508+0j),(1.0012461575902254+0j),(0.9987533638097292+0j),(5.454126416676675e-07+0j),(0.017198844814363956+0j)
967,0.9764633375421792,-1.5012151747246236,33.298192767575,2.8325753755834087,1091818.8507381885,(1845691.0123807336+0j),(58.34688033824982+0j),(1.0000024836375703+0.003320516792167149j),(1.0000024836375703-0.003320516792167149j),(4.579514263396811e-07+0j),(0.017138876906570018+0j)
968,0.9764815845794692,-1.502452871562767,33.29975597215525,2.8322823418724776,923506.9388386098,(1847013.8776766784+0j),(58.559369113807676+0j),(1.0007421258720015+0j),(0.9992610158178592+0j),(8.208322088424955e-07+0j),(0.017076686705016074+0j)
969,0.9765005443305008,-1.5037420924954137,33.30137525979301,2.8319767232950674,2039007.228668044,(1848392.2146940515+0j),(58.78134732631753+0j),(1.0006866903671603+0j),(0.9993075612905012+0j),(2.4521737489211794e-07+0j),(0.017012199370794095+0j)
970,0.976520243739376,-1.5050850571707963,33.303052325043446,2.831657944051463,5415480.604881831,(1849834.2511955863+0j),(59.01328049993798+0j),(1.0022372989767039+0j),(0.9977649002207136+0j),(9.232790891158859e-08+0j),(0.016945338261638927+0j)
971,0.976540710679834,-1.506484086130213,33.304788882741995,2.8313253991715897,6579178.190214377,(1851337.6170383347+0j),(59.25566097602765+0j),(1.0020853168203796+0j),(0.9979177239555639+0j),(7.599733364019296e-08+0j),(0.01687602472959359+0j)
972,0.976561973977806,-1.507941605707424,33.30658666462577,2.830978452821155,1060356.8040522076,(1852905.8283766676+0j),(59.50900898731513+0j),(1.0019576474951803+0j),(0.9980421537536357+0j),(4.7153938946714514e-07+0j),(0.01680417834237561+0j)
973,0.9765840634333728,-1.5094601531764182,33.308447415442345,2.8306164364937385,1019124.3879851887,(1854542.8386233523+0j),(59.773874806793025+0j),(0.9999983252796576+0.003491954287799775j),(0.9999983252796576-0.003491954287799775j),(4.906172454459867e-07+0j),(0.01672971684087426+0j)
974,0.9765993640388791,-1.510514637820095,33.30973216341974,2.830364724046019,1932526.302830746,(1855682.4638524763+0j),(59.95834726883306+0j),(1.0015823550871086+0j),(0.9984166265395472+0j),(2.5872869066135777e-07+0j),(0.01667824490753217+0j)
975,0.9766161573218868,-1.5116744911642763,33.311138339639164,2.8300875488662247,935075.8145392176,(1856938.425001509+0j),(60.16177465437698+0j),(1.0026563038489233+0j),(0.99734919274282+0j),(5.347160008052724e-07+0j),(0.016621850099085952+0j)
976,0.9766326783278864,-1.512818098326023,33.31251771104061,2.8298139367321595,929087.629873681,(1858175.259746824+0j),(60.36288986039493+0j),(0.9999987285501473+0.003343340249672089j),(0.9999987285501473-0.003343340249672089j),(6.12063077823228e-07+0j),(0.01656646993397497+0j)
977,0.9766498449255374,-1.5140090935296302,33.313946758193886,2.8295286487705007,929733.6269324784,(1859467.2538644192+0j),(60.572907839238496+0j),(0.9999989394788393+0.004093619305293398j),(0.9999989394788393-0.004093619305293398j),(6.5647727392145e-07+0j),(0.0165090307807827+0j)
978,0.9766676815700784,-1.515249501429485,33.31542700274477,2.829231156853817,1333701.2506310814,(1860815.6430820702+0j),(60.79225901999524+0j),(1.0017230869362197+0j),(0.9982785662450612+0j),(3.748965518053462e-07+0j),(0.016449462746093726+0j)
979,0.976686213567856,-1.5165414375025634,33.31695998725413,2.8289209065763936,1074878.003620425,(1862219.9228104143+0j),(61.02139773008386+0j),(0.9999988855657163+0.0036459566452120735j),(0.9999988855657163-0.0036459566452120735j),(4.6516906878361864e-07+0j),(0.016387694107294022+0j)
980,0.9767054670980976,-1.5178871123838966,33.31854727254708,2.8285973157632784,931843.13660276,(1863686.2732049832+0j),(61.26080339058268+0j),(1.0024699156199912+0j),(0.9975282890034014+0j),(7.302784849890498e-07+0j),(0.016323651415806863+0j)
981,0.97672546923432,-1.5192888364178,33.3201904346482,2.828259772881527,3293309.111309064,(1865215.5154214622+0j),(61.510982722275855+0j),(1.0045254217424997+0j),(0.9954723421618124+0j),(-1.5182297898579753e-07+0j),(0.016257259366428307+0j)
982,0.9767462479652398,-1.520749024435568,33.32189106125613,2.827907635346561,933406.5188503384,(1866813.0377001408+0j),(61.772471128528565+0j),(1.000002032032854+0.002304502454973261j),(1.000002032032854-0.002304502454973261j),(6.414018426300082e-07+0j),(0.016188440930585708+0j)
983,0.9767678322150166,-1.5222702007692432,33.32365074771121,2.827540227715596,934238.5326433446,(1868477.065286154+0j),(62.04583516698062+0j),(0.9999995460679759+0.002469064270719609j),(0.9999995460679759-0.002469064270719609j),(6.46790990522569e-07+0j),(0.016117117245800415+0j)
984,0.976782781799128,-1.523326420019283,33.324865412479,2.8272847819450067,1294813.5628840616,(1869633.4643071177+0j),(62.23621895488003+0j),(0.9999966575896848+0.0022835765642233545j),(0.9999966575896848-0.0022835765642233545j),(3.861559797739351e-07+0j),(0.01606781415696868+0j)
985,0.976799188795948,-1.524488095241164,33.326194594303686,2.827003510307496,935454.3683490674,(1870908.7366976002+0j),(0.9999968698981169+0.004653790199310334j),(0.9999968698981169-0.004653790199310334j),(62.44615777862953+0j),(1.0929966856279482e-06+0j),(0.016013795493143537+0j)
986,0.9768153287365848,-1.525633410464522,33.32749814464284,2.826725869316621,1031345.332986053,(1872169.2588076391+0j),(62.65370267987578+0j),(1.0013085787525382+0j),(0.9986935546418149+0j),(4.848036676061432e-07+0j),(0.015960748642575493+0j)
987,0.9768320982826636,-1.5268260912823808,33.32884832977934,2.8264363963971686,2576282.0544738253,(1873480.880102104+0j),(62.87042715872271+0j),(1.0000001726990293+0.001951984135226962j),(1.0000001726990293-0.001951984135226962j),(1.9407812864734555e-07+0j),(0.0159057293737676+0j)
988,0.9768495211951892,-1.5280681535869716,33.33024655066794,2.826134557718311,1553450.1475311464,(1874849.0636236905+0j),(63.09677407360739+0j),(1.0035523656819265+0j),(0.9964474169238229+0j),(3.218642070971427e-07+0j),(0.015848670786772566+0j)
989,0.9768676220548872,-1.5293617030505,33.33169422463892,2.8258197930023856,938138.959545654,(1876277.9190907748+0j),(63.3332107902366+0j),(1.0000039925632824+0.003562346032935967j),(1.0000039925632824-0.003562346032935967j),(9.014301208556383e-07+0j),(0.015789504235194526+0j)
990,0.9768864262825472,-1.5307089393571902,33.33319278261748,2.8254915140340464,938881.7933679316,(1877763.5867353305+0j),(63.58023107175467+0j),(0.9999992314102777+0.00244558053202392j),(0.9999992314102777-0.00244558053202392j),(1.08764077976241e-06+0j),(0.01572815925868183+0j)
991,0.9769059601589548,-1.532112160641762,33.334743665931136,2.825149103072507,939657.4314620988,(1879314.8629236654+0j),(63.83835588326846+0j),(0.9999981908032973+0.0029805245072916033j),(0.9999981908032973-0.0029805245072916033j),(5.926562462286263e-07+0j),(0.01566456382160653+0j)
992,0.9769262508442704,-1.5335737681438126,33.33634832266113,2.824791911159522,2364236.08270284,(1880934.057753855+0j),(64.10813609347416+0j),(1.0023252677963725+0j),(0.9976739061279811+0j),(2.1148480207120973e-07+0j),(0.015598644118152127+0j)
993,0.9769473263966952,-1.535096271087141,33.33800820349153,2.8244192563155512,941310.9039396195,(1882621.807878708+0j),(64.39015426187959+0j),(0.9999979734412221+0.003913894037787485j),(0.9999979734412221-0.003913894037787485j),(1.0638154809499764e-06+0j),(0.015530324650751492+0j)
994,0.97696192261503,-1.5361533201375537,33.339153673325704,2.8241601781988948,945478.5622393696,(1883796.174599335+0j),(64.58655650565942+0j),(1.0018676644647944+0j),(0.9981314525076288+0j),(5.288327202426335e-07+0j),(0.015483098249899895+0j)
995,0.9769779408229377,-1.5373158215763103,33.3404068511789,2.823874922036103,942543.8247614442,(1885087.649522358+0j),(64.8031238631508+0j),(0.9999984418852419+0.002589487547104197j),(0.9999984418852419-0.002589487547104197j),(6.175591208207107e-07+0j),(0.015431354854313382+0j)
996,0.9769936973087642,-1.5384618627584647,33.34163557070753,2.823593363430202,1394540.529183098,(1886363.8564961185+0j),(65.01721316839883+0j),(1.0018213351148115+0j),(0.9981792523309211+0j),(3.5854103164212595e-07+0j),(0.01538054234053275+0j)
997,0.977010067397666,-1.5396552060477926,33.34290793953436,2.82329982232068,943846.6281991458,(1887693.2563977619+0j),(65.24076231077726+0j),(1.0015939932964038+0j),(0.9984082188386553+0j),(5.530904807601114e-07+0j),(0.015327840518426594+0j)
998,0.97702707416299,-1.540897856867996,33.344225241451966,2.822993759473432,1446032.5267553022,(1889076.3183955331+0j),(65.47422705809345+0j),(0.9999962705331282+0.0021256784898880366j),(0.9999962705331282-0.0021256784898880366j),(3.45773688176981e-07+0j),(0.015273185265909336+0j)
999,0.9770447414673472,-1.5421919093167868,33.34558877233702,2.822674609056898,1099763.9581723015,(1890522.9697177657+0j),(65.71808782144862+0j),(1.0000007648965465+0.0008821440279299973j),(1.0000007648965465-0.0008821440279299973j),(4.546430134254023e-07+0j),(0.015216510905151009+0j)
1000,0.97706309398163,-1.543539550294039,33.34699983725709,2.82234177715152,946013.848775893,(1892027.6975512574+0j),(65.97285240778356+0j),(0.9999985157969474+0.0036633478748186034j),(0.9999985157969474-0.0036633478748186034j),(7.864379792372624e-07+0j),(0.015157749945677822+0j)
1001,0.9770821572035728,-1.5449430638266877,33.348459747170736,2.82199464016408,1059998.81127324,(1893598.4177636392+0j),(66.23905647129888+0j),(0.9999998564815171+0.0018820310003670132j),(0.9999998564815171-0.0018820310003670132j),(4.716986421895376e-07+0j),(0.015096833398174058+0j)
1002,0.9771019574757244,-1.5464048356002225,33.34996981517441,2.821632543138038,947618.295397398,(1895236.5907942685+0j),(66.51726630177832+0j),(1.004895756351558+0j),(0.9951060447896304+0j),(6.239440608889536e-07+0j),(0.01503369058288864+0j)
1003,0.9771225220026624,-1.5479273577034045,33.35153135225667,2.8212547979538734,948471.5032285036,(1896943.00645648+0j),(66.80808060320375+0j),(0.999999772683132+0.003548093616395819j),(0.999999772683132-0.003548093616395819j),(9.846862261305738e-07+0j),(0.014968249214324134+0j)
1004,0.9771367633221082,-1.5489843289331748,33.352608655983104,2.820992197224516,14113506.993390633,(1898129.3001775243+0j),(67.01059901334976+0j),(1.0029284562045166+0j),(0.9970722779752056+0j),(3.5427055814982846e-08+0j),(0.014923012399884738+0j)
1005,0.9771523911338128,-1.5501466585805224,33.35378697438342,2.8207030779867885,1283230.523276134,(1899435.1444803658+0j),(67.23390120458826+0j),(1.0021067657827902+0j),(0.9978936059394796+0j),(3.896416044745864e-07+0j),(0.01487344899052188+0j)
1006,0.9771677626613235,-1.551292442070266,33.35494200475936,2.8204177222751268,4493155.009562316,(1900721.4390381062+0j),(67.4546389135362+0j),(0.9999971763378762+0.0029593369572521303j),(0.9999971763378762-0.0029593369572521303j),(1.1128038069817489e-07+0j),(0.014824777303785047+0j)
1007,0.9771837318131807,-1.5524854238823227,33.356137760083904,2.820120239269866,1127741.8905540465,(1902065.998870831+0j),(67.68511983862636+0j),(1.0000002558399235+0.0022921853710573454j),(1.0000002558399235-0.0022921853710573454j),(4.4336386205752635e-07+0j),(0.014774296069581472+0j)
1008,0.9772003209834544,-1.5537275973619145,33.35737541068944,2.819810084634521,951732.290671616,(1903464.5813427065+0j),(67.92581270382681+0j),(0.9999988228995369+0.0052824954922607616j),(0.9999988228995369-0.0052824954922607616j),(1.3307255191516263e-06+0j),(0.014721943841289492+0j)
1009,0.9772175533260216,-1.5550210433682092,33.358656134948305,2.819486687300301,952461.2501703112,(1904922.5003400976+0j),(68.17721148254127+0j),(0.9999985115689536+0.002104233034350025j),(0.9999985115689536-0.002104233034350025j),(7.964587959742605e-07+0j),(0.014667657685827711+0j)
1010,0.9772354527723608,-1.556367934298568,33.35998111628409,2.8191494479775976,1818808.5841316388,(1906442.874210766+0j),(68.43983759738559+0j),(0.9999995443627894+0.0020103851865781444j),(0.9999995443627894-0.0020103851865781444j),(2.7490523431785694e-07+0j),(0.014611373070212536+0j)
1011,0.9772540440488532,-1.55777053830076,33.361351539780934,2.818797737572712,954013.7311759453,(1908027.4623513664+0j),(68.71424167102128+0j),(1.0041936368058912+0j),(0.9958060732210161+0j),(7.441609729793542e-07+0j),(0.014553023880942328+0j)
1012,0.9772733526934582,-1.559231223681396,33.36276858834804,2.818430895501728,954839.1523860872,(1909678.3047716506+0j),(69.0010053777978+0j),(0.9999991594534099+0.004985340147306502j),(0.9999991594534099-0.004985340147306502j),(1.217696134233143e-06+0j),(0.014492542456805412+0j)
1013,0.9772934050716144,-1.5607524635181629,33.364233438396155,2.818048227895605,955701.318890884,(1911402.6377812447+0j),(69.30074329266229+0j),(1.0016655698894634+0j),(0.9983404248750279+0j),(9.611173780539117e-07+0j),(0.014429859659314318+0j)
1014,0.9773072907975602,-1.5618084542559156,33.365243739406345,2.817782221830087,956297.66709627,(1912595.334192017+0j),(69.50946560172065+0j),(1.0002791701107114+0j),(0.9997164876440882+0j),(7.056970584950212e-07+0j),(0.014386529825000842+0j)
1015,0.9773225275297154,-1.5629696202712549,33.366348490180364,2.817489369144558,956956.447131343,(1913912.8942621634+0j),(69.73959799155081+0j),(1.0011463538908565+0j),(0.9988542551157245+0j),(8.093749486466304e-07+0j),(0.014339055985385672+0j)
1016,0.9773375135079724,-1.5641141692370184,33.36743111756717,2.8172003447748946,2251412.701904432,(1915209.001153322+0j),(69.96707703370555+0j),(0.999997288602929+0.002915229417107796j),(0.999997288602929-0.002915229417107796j),(2.2208278365716027e-07+0j),(0.014292436420046045+0j)
1017,0.9773530811948204,-1.5653057735010676,33.36855161189295,2.81689905430493,958281.8620642287,(1916563.7241279357+0j),(70.20458568142703+0j),(1.0000005920397361+0.004138697798250178j),(1.0000005920397361-0.004138697798250178j),(9.236986403877487e-07+0j),(0.014244083777351075+0j)
1018,0.9773692523150834,-1.5665464128254514,33.36971103386839,2.816584948593548,56387503.81301559,(1917973.6139859688+0j),(70.45260539896293+0j),(1.0049525818110472+0j),(0.9950510630573416+0j),(8.867212878548954e-09+0j),(0.01419393923527831+0j)
1019,0.9773860493249958,-1.567838153281409,33.37091044844282,2.816257451647844,5317888.007042251,(1919439.8016936746+0j),(70.71164373644187+0j),(0.9999987972970867+0.004915743493743575j),(0.9999987972970867-0.004915743493743575j),(9.40222884231251e-08+0j),(0.01414194250282445+0j)
1020,0.9774034954288652,-1.5691831511700165,33.37215092173722,2.8159159591372864,960485.2725513048,(1920970.5451020892+0j),(70.98223590215025+0j),(0.9999994680589106+0.003805888787985794j),(0.9999994680589106-0.003805888787985794j),(6.32076705351334e-07+0j),(0.014088031847546974+0j)
1021,0.9774216145952191,-1.570583657122701,33.37343351757958,2.815559836813199,961283.4961975516,(1922566.9923945833+0j),(71.2649472508843+0j),(1.0000022967152817+0.0031517129453741705j),(1.0000022967152817-0.0031517129453741705j),(7.446828478667684e-07+0j),(0.014032143972277384+0j)
1022,0.9774404315723088,-1.5720420203887018,33.374759293602715,2.815188418827356,962114.0057640156,(1924228.0115275113+0j),(71.56037502142149+0j),(1.0000016321887557+0.002458475358823164j),(1.0000016321887557-0.002458475358823164j),(8.680516567776534e-07+0j),(0.013974214077286173+0j)
1023,0.9774599719028088,-1.5735606933160455,33.37612929686454,2.814801005941929,962979.8591178134,(1925959.7182351076+0j),(71.86915000258978+0j),(1.0000015060845093+0.002293878935466824j),(1.0000015060845093-0.002293878935466824j),(9.588405452429964e-07+0j),(0.013914175970689838+0j)
1024,0.9774735021912192,-1.57461481326788,33.37707388507246,2.814531718092581,963581.1420083347,(1927162.2840161505+0j),(72.08415346682084+0j),(1.0041744511123953+0j),(0.9958280363538345+0j),(1.0380657303698362e-06+0j),(0.013872674532547943+0j)
1025,0.9774883480962652,-1.5757738381059785,33.37810649832702,2.81423526836528,2277795.576011495,(1928482.8209274542+0j),(72.32120064264853+0j),(1.002469194093571+0j),(0.9975271272596778+0j),(-2.195104798980876e-07+0j),(0.013827204071758283+0j)
1026,0.977502948857108,-1.576916190504799,33.37911814430948,2.8139427103430914,964895.21105459,(1929790.4221086618+0j),(72.55550293884774+0j),(1.0015072534046598+0j),(0.9984962907416293+0j),(6.471779499104106e-07+0j),(0.013782552108316888+0j)
1027,0.9775181155119697,-1.578105417278342,33.380164870184984,2.813637753535072,965574.4207518612,(1931148.8415032048+0j),(72.80012396304649+0j),(1.002906853397539+0j),(0.9970944051291014+0j),(8.400150165751728e-07+0j),(0.013736240346350093+0j)
1028,0.9775338691279444,-1.5793434832127369,33.38124763097942,2.813319844288253,82910465.71495427,(1932561.6753785787+0j),(73.05555763758146+0j),(1.0030441779638963+0j),(0.9969496652155064+0j),(6.030601754415387e-09+0j),(0.013688212537648585+0j)
1029,0.977550231476232,-1.580632438162192,33.382367382394484,2.8129884019925635,967018.93973579,(1934037.8794710631+0j),(73.32232453282464+0j),(0.9999986109735146+0.0021155922591121327j),(0.9999986109735146-0.0021155922591121327j),(7.455132101065121e-07+0j),(0.013638411034732675+0j)
1030,0.9775672250477638,-1.5819744208676043,33.383525077675905,2.812642817597633,2053696.0611291197,(1935572.8845103006+0j),(73.60097449097424+0j),(0.9999971724036691+0.0046597543061286445j),(0.9999971724036691-0.0046597543061286445j),(2.4346348491564534e-07+0j),(0.013586776627842424+0j)
1031,0.9775848730683004,-1.583371662946716,33.38472166409122,2.812282452036814,968587.5782152066,(1937175.156429897+0j),(73.89208721640003+0j),(0.9999997301838137+0.0032724390336227966j),(0.9999997301838137-0.0032724390336227966j),(5.464745577506107e-07+0j),(0.013533248791188992+0j)
1032,0.977603199512866,-1.5848264930626943,33.38595807897738,2.8119066345498545,969421.3935148984,(1938842.7870292808+0j),(74.19627538744439+0j),(1.0032845245820385+0j),(0.9967135580578165+0j),(7.083935856037543e-07+0j),(0.013477765491295896+0j)
1033,0.9776222291193783,-1.58634134127688,33.387235245320085,2.8115146608991304,1348619.880543569,(1940580.7121387385+0j),(74.51418598551675+0j),(1.0048685705705254+0j),(0.9951323568923605+0j),(3.707493914434516e-07+0j),(0.01342026336024687+0j)
1034,0.9776354049740222,-1.587392719450148,33.388115527337305,2.8112422198063776,970893.0644171762,(1941786.1288338373+0j),(74.73553831252154+0j),(0.9999994294157839+0.0051582059845602345j),(0.9999994294157839-0.0051582059845602345j),(7.888216933080842e-07+0j),(0.01338051511475755+0j)
1035,0.9776498612357676,-1.5885486474198127,33.38907756050165,2.8109423148072588,1391190.5438860916,(1943113.4531115526+0j),(74.97957324095727+0j),(0.9999997738439289+0.003741225012494902j),(0.9999997738439289-0.003741225012494902j),(3.5940439805131667e-07+0j),(0.013336965746457406+0j)
1036,0.9776640780280516,-1.5896878633907692,33.39001977112857,2.8106463633001657,972209.5269061448,(1944419.0538117755+0j),(75.22077056664628+0j),(0.9999958421886891+0.0041010964275299275j),(0.9999958421886891-0.0041010964275299275j),(7.731653994330881e-07+0j),(0.013294200424528942+0j)
1037,0.9776796746812408,-1.5909404393254367,33.39104897935182,2.8103205230852963,972930.9309354248,(1945861.8618703359+0j),(75.48676259831628+0j),(1.002308748695821+0j),(0.9976932880049211+0j),(7.479333587709926e-07+0j),(0.0132473557691296+0j)
1038,0.9776950112170252,-1.5921749819512243,33.39205646077755,2.809998922251137,3524430.7512778635,(1947278.8462639502+0j),(75.74974267296186+0j),(1.004816605346638+0j),(0.9951801527108226+0j),(1.4186688157193144e-07+0j),(0.013201364977810845+0j)
1039,0.9777109394430886,-1.593460164745457,33.39309800091612,2.8096636516511744,2313610.588770841,(1948759.0482780305+0j),(76.02437535085814+0j),(1.004089465862644+0j),(0.9959152139217768+0j),(2.1611242722815334e-07+0j),(0.013153675980709795+0j)
1040,0.9777268454962709,-1.594746632493575,33.39413317765188,2.8093275560822266,976857.3191800228,(1950235.7286235723+0j),(76.30017088485452+0j),(0.9999980178728447+0.0034567677825054466j),(0.9999980178728447-0.0034567677825054466j),(5.118454764917282e-07+0j),(0.013106130542082766+0j)
1041,0.9777433640476847,-1.596085903695209,33.39520299439944,2.8089771431180024,1219495.844213663,(1951777.377630698+0j),(76.58823434123734+0j),(0.9999987125589949+0.0024918633569004536j),(0.9999987125589949-0.0024918633569004536j),(4.1000549724914116e-07+0j),(0.013056835799941335+0j)
1042,0.9777605175479763,-1.597480190691701,33.39630827497785,2.808611767676235,1643594.0873507014,(1953384.1819562814+0j),(76.88916312140925+0j),(1.0000010969457698+0.002685082468256774j),(1.0000010969457698-0.002685082468256774j),(3.042113645017992e-07+0j),(0.01300573396047012+0j)
1043,0.9777783291655553,-1.5989318012554896,33.39744982932454,2.8082307528342203,1072364.5692381135,(1955052.7440377637+0j),(77.20358811954989+0j),(0.9999968753863533+0.002314989955434996j),(0.9999968753863533-0.002314989955434996j),(4.662593434575569e-07+0j),(0.012952765853973449+0j)
1044,0.9777968227991349,-1.600443142811268,33.3986284490307,2.8078333880478334,1159345.4154807029,(1956797.3510173592+0j),(77.53217488033917+0j),(1.0000012747968736+0.003696505256514051j),(1.0000012747968736-0.003696505256514051j),(4.3127785155623915e-07+0j),(0.01289787112953149+0j)
1045,0.9778160230893064,-1.6020167268381846,33.39984490237212,2.8074189272553283,1089227.6291354576,(1958609.8729973985+0j),(77.87562791865028+0j),(0.9999999165265512+0.0017908012435155242j),(0.9999999165265512-0.0017908012435155242j),(4.5904087137136407e-07+0j),(0.012840987953831096+0j)
1046,0.9778293153717463,-1.6031088057543483,33.400682728239424,2.807130848476276,5867706.628821129,(1959865.997462818+0j),(78.11479045774404+0j),(1.0021331308051522+0j),(0.9978598490527776+0j),(8.521216748364561e-08+0j),(0.01280167295002075+0j)
1047,0.9778438977250763,-1.6043094204533588,33.401597784039325,2.8068137218090494,980625.8043208844,(1961251.608641259+0j),(78.37848486150823+0j),(0.999997847887673+0.0015942654531429401j),(0.999997847887673-0.0015942654531429401j),(7.688034533378129e-07+0j),(0.012758603356109472+0j)
1048,0.9778582368301754,-1.6054926138277663,33.40249339105875,2.806500767941864,1441078.0323525937,(1962616.8983654361+0j),(78.63913783534801+0j),(1.00268353253331+0j),(0.997313050104752+0j),(3.469624744635087e-07+0j),(0.012716314389080954+0j)
1049,0.9778731291065033,-1.606724198378012,33.40341913667404,2.806174561145173,982020.1552709787,(1964040.3105414482+0j),(78.91128197291548+0j),(1.0000013321205174+0.0028219314056572384j),(1.0000013321205174-0.0028219314056572384j),(6.48255719071301e-07+0j),(0.012672459184551574+0j)
1050,0.9778885949367676,-1.6080061890592316,33.40437575622443,2.8058345105361355,982759.2254520244,(1965518.45090354+0j),(79.19546853169987+0j),(0.9999997833220453+0.0029232374698309038j),(0.9999997833220453-0.0029232374698309038j),(9.268028591140678e-07+0j),(0.012626985085638835+0j)
1051,0.9779046553673524,-1.6093406869344689,33.40536397545657,2.80547999654185,983529.1491014377,(1967058.298202367+0j),(79.49227831623814+0j),(0.999999103883239+0.004019204101819022j),(0.999999103883239-0.004019204101819022j),(1.2813169380580789e-06+0j),(0.012579838207951274+0j)
1052,0.9779213321214527,-1.6107298829442664,33.406384506903024,2.8051103693277644,1959873.6527132753,(1968662.8991058315+0j),(79.8023243103607+0j),(1.0000006374080597+0.00029380868072729734j),(1.0000006374080597-0.00029380868072729734j),(2.551184864941808e-07+0j),(0.012530963335255328+0j)
1053,0.9779386476115328,-1.6121760618374803,33.407438045848735,2.804724947127209,6608030.586236275,(1970331.0188317439+0j),(80.12625376986992+0j),(0.9999984085837013+0.002899775377483003j),(0.9999984085837013-0.002899775377483003j),(7.566550933366473e-08+0j),(0.01248030393224122+0j)
1054,0.9779566249509754,-1.613681606268597,33.40852526584799,2.8043230144655564,986035.7943378703,(1972071.5886752335+0j),(80.46474973970912+0j),(0.9999997690245145+0.0027007523001361315j),(0.9999997690245145-0.0027007523001361315j),(1.034232696507517e-06+0j),(0.012427802276604146+0j)
1055,0.9779752879647698,-1.6152490010665685,33.40964681375103,2.8039038202708486,1137161.7861495388,(1973886.0082567148+0j),(80.81853433464711+0j),(1.0028367003230065+0j),(0.9971714093775613+0j),(4.396911733141424e-07+0j),(0.012373399347449002+0j)
1056,0.977988207548852,-1.616336692996874,33.41041893018197,2.803612470011658,48270930.29387107,(1975138.4001835114+0j),(81.06487600460208+0j),(1.0028118238106454+0j),(0.9971872503461577+0j),(1.0358201032298829e-08+0j),(0.012335798798283802+0j)
1057,0.9780023803331822,-1.6175323982031338,33.41126189363936,2.803291759567067,988259.1245312226,(1976518.2490619393+0j),(81.33647127750984+0j),(0.9999969659931858+0.0023888340600260204j),(0.9999969659931858-0.0023888340600260204j),(8.66389228125578e-07+0j),(0.012294607625491987+0j)
1058,0.9780163159916772,-1.6187106649438967,33.4120866061352,2.802975287073194,37485328.98135136,(1977879.7576932418+0j),(81.60491872235878+0j),(1.0026037573544522+0j),(0.9973914827126384+0j),(-1.3338551737100825e-08+0j),(0.01225416329869628+0j)
1059,0.9780307885155276,-1.6199370284273038,33.412938718232056,2.8026454316110745,989649.6161434297,(1979299.232286354+0j),(81.8851848717915+0j),(1.0020268860851795+0j),(0.9979722637688524+0j),(7.352848929290891e-07+0j),(0.012212221314091616+0j)
1060,0.9780458176308153,-1.6212134839505996,33.41381886508477,2.8023015980308554,2221514.2488373364,(1980773.7503000097+0j),(82.17783529192911+0j),(0.9999990590160674+0.0019307391827822534j),(0.9999990590160674-0.0019307391827822534j),(2.2507170514963296e-07+0j),(0.012168731342821027+0j)
1061,0.9780614237018541,-1.6225421115051426,33.41472766919073,2.801943162404513,1391904.301926851,(1982308.762368137+0j),(82.48346585343263+0j),(0.999998623615972+0.002656140821370072j),(0.999998623615972-0.002656140821370072j),(3.59220098183403e-07+0j),(0.012123641867530822+0j)
1062,0.9780776277435235,-1.6239250794414797,33.415665736743236,2.801569470458241,4723314.700761454,(1983911.2882357645+0j),(82.80270503214146+0j),(1.0023239639896446+0j),(0.997681246053549+0j),(-1.0585786289433556e-07+0j),(0.012076900140054367+0j)
1063,0.9780944514329277,-1.6253646482881186,33.416633653582146,2.801179835906456,1582072.7210723879,(1985573.7268068711+0j),(83.1362168320332+0j),(1.0042973621035631+0j),(0.9957033849309921+0j),(3.1604109807362794e-07+0j),(0.012028452076663488+0j)
1064,0.9781119171202567,-1.6268631747287683,33.417631980705785,2.8007735386818147,1650261.2155520546,(1987304.3981952928+0j),(83.48470152063327+0j),(1.0039983206486216+0j),(0.9959994842156437+0j),(3.029823371524751e-07+0j),(0.011978242501738406+0j)
1065,0.9781300478387,-1.6284231157428701,33.41866124930422,2.8003498230517843,1874162.797069475,(1989107.5011541103+0j),(83.84889907782527+0j),(0.9999994313957097+0.0031689162446140715j),(0.9999994313957097-0.0031689162446140715j),(2.667857887168916e-07+0j),(0.01192621502486135+0j)
1066,0.9781425982694828,-1.6295055470818745,33.41936948833964,2.8000553485738946,1655400.43968603,(1990361.1523611154+0j),(84.10247463610472+0j),(1.001814615036021+0j),(0.998188520825267+0j),(3.0204172236107275e-07+0j),(0.011890256551040137+0j)
1067,0.9781563654650913,-1.6306953861831,33.42014238242136,2.799731216388785,1932939.452073261,(1991733.506168975+0j),(84.3820303682312+0j),(0.9999986322833596+0.0045068489112705355j),(0.9999986322833596-0.0045068489112705355j),(2.5867338962104375e-07+0j),(0.011850864403638625+0j)
1068,0.9781699016840464,-1.6318677875076988,33.420898202956515,2.7994113850868003,6677435.686077108,(1993089.320155074+0j),(84.65833001980464+0j),(1.0007698470724098+0j),(0.9992290751722259+0j),(-7.487904391839156e-08+0j),(0.011812186701118207+0j)
1069,0.9781839587150543,-1.6330879569494439,33.421678775309346,2.7990780474443118,1097505.904936968,(1994500.4710940453+0j),(84.94677735097689+0j),(1.0000003030425824+0.0008935090131104093j),(1.0000003030425824-0.0008935090131104093j),(4.555784144312369e-07+0j),(0.011772076954344032+0j)
1070,0.9781985556449215,-1.6343578691155018,33.42248463887702,2.7987306043210376,997983.6180569427,(1995967.2361133844+0j),(85.24795206861499+0j),(0.999999236806602+0.004695785345384296j),(0.999999236806602-0.004695785345384296j),(7.249940229713404e-07+0j),(0.011730487076052551+0j)
1071,0.9782137121744798,-1.6356795818864724,33.423316317557095,2.7983684277209298,1640434.1210311132,(1997496.2843619185+0j),(85.56246493561368+0j),(1.0049857242138518+0j),(0.9950161439471636+0j),(-3.0479736649574557e-07+0j),(0.011687367828313493+0j)
1072,0.9782294486302004,-1.6370552399800589,33.42417431608641,2.797990859228391,20047314.5807834,(1999087.0317316097+0j),(85.8909604587202+0j),(1.0034468106815906+0j),(0.9965579313070542+0j),(-2.4940996360643806e-08+0j),(0.011642668735584285+0j)
1073,0.9782457859751471,-1.6384870786615484,33.42505911598609,2.797597208347504,1038390.0955859816,(2000737.1392347869+0j),(86.23411875331081+0j),(1.0036923569596186+0j),(0.9963041377911988+0j),(4.815146081665554e-07+0j),(0.011596338136903604+0j)
1074,0.9782627458191397,-1.6399774276052563,33.42597117107955,2.797186750737163,1001229.7062984478,(2002459.4125963962+0j),(86.59265698404317+0j),(0.9999991436335349+0.0026766995485612666j),(0.9999991436335349-0.0026766995485612666j),(6.413738451150132e-07+0j),(0.011548323320102962+0j)
1075,0.9782803504279958,-1.6415287149114701,33.42691090254304,2.7967587263344056,39854883.736399665,(2004251.6403059773+0j),(86.96733338597275+0j),(1.0041058952962114+0j),(0.9958940115637906+0j),(-1.2545513952744205e-08+0j),(0.011498570337464823+0j)
1076,0.9782925360804787,-1.6426050573425997,33.427557175146404,2.7964612752603624,1002747.2513384887,(2005494.5026764786+0j),(87.22818818057563+0j),(1.0000001150024749+0.002972598528611402j),(1.0000001150024749-0.002972598528611402j),(5.615007176581523e-07+0j),(0.011464184008147471+0j)
1077,0.978305902574203,-1.6437881239210548,33.42826210806749,2.7961338836545764,1003431.9913189525,(2006863.9826374068+0j),(87.51575238132288+0j),(1.0000034918569876+0.0034207084384964195j),(1.0000034918569876-0.0034207084384964195j),(8.257961340444779e-07+0j),(0.011426514345009348+0j)
1078,0.9783190442479949,-1.644953770918953,33.42895112165825,2.79581085352583,1004102.9102516168,(2008205.8205027357+0j),(87.7999512490797+0j),(0.9999994236739747+0.0014156731174414495j),(0.9999994236739747-0.0014156731174414495j),(1.478875064487933e-06+0j),(0.011389527964115645+0j)
1079,0.9783334575582082,-1.6462350473624887,33.4297021541967,2.7954552522665432,1004841.1598468361,(2009682.3196931747+0j),(88.11334035577232+0j),(0.9999979033063007+0.005141484253600623j),(0.9999979033063007-0.005141484253600623j),(1.4956389686573275e-06+0j),(0.01134901929676392+0j)
1080,0.9783476265402673,-1.6474975084220025,33.43043568952741,2.795104331178093,1134071.57766627,(2011143.162262702+0j),(88.42315399550114+0j),(1.0028268744591022+0j),(0.9971774522906492+0j),(4.408892788134358e-07+0j),(0.01130925504027792+0j)
1081,0.978362338032922,-1.6488113665215927,33.43119228678529,2.794738550553947,1006327.8791474381,(2012655.7582943793+0j),(88.74666814461509+0j),(0.9999998547166529+0.003260229755887621j),(0.9999998547166529-0.003260229755887621j),(6.639963267723542e-07+0j),(0.011268028658501301+0j)
1082,0.9783776116923796,-1.650178741864372,33.43197235352064,2.7943572480465,1007116.2492788252,(2014232.498557154+0j),(89.08454236914154+0j),(0.9999996323441138+0.0009824386311963265j),(0.9999996323441138-0.0009824386311963265j),(9.255843331369126e-07+0j),(0.011225291991245162+0j)
1083,0.9783934677870634,-1.651601843575146,33.43277627141305,2.7939597291654317,1419499.2335428637,(2015871.2198234997+0j),(89.43747322692313+0j),(0.9999986827376355+0.002588809971672227j),(0.9999986827376355-0.002588809971672227j),(3.522368932543448e-07+0j),(0.011180995660109388+0j)
1084,0.9784099272071615,-1.653082973450185,33.43360439180266,2.7935452655176363,233198413.78181309,(2017578.0006486676+0j),(89.8061954294627+0j),(0.9999990249095503+0.001623429193666521j),(0.9999990249095503-0.001623429193666521j),(-2.1440969168332933e-09+0j),(0.01113508923540108+0j)
1085,0.9784270114732799,-1.6546245298549744,33.43445703076777,2.793113092937892,1009678.1549610299,(2019356.3099215645+0j),(90.19148492119153+0j),(1.0029262395277465+0j),(0.9970745712768435+0j),(5.530565691978004e-07+0j),(0.011087521187546615+0j)
1086,0.9784447427440488,-1.6562290117735623,33.435334463708614,2.792662409499654,1010601.7054737121,(2021203.4109469294+0j),(90.59416177894421+0j),(1.000929145360022+0j),(0.9990724716698408+0j),(7.351432715872598e-07+0j),(0.011038238892697914+0j)
1087,0.9784570145792654,-1.6573421983467143,33.435937241102614,2.7923492030018013,1011239.9805441012,(2022479.961087708+0j),(90.87453799036989+0j),(0.9999965036425655+0.0044023853142562425j),(0.9999965036425655-0.0044023853142562425j),(1.4360524989854093e-06+0j),(0.011004182492864995+0j)
1088,0.9784704742038275,-1.6585657015407662,33.436594112163206,2.7920044617447513,4543927.096296056,(2023891.7565019648+0j),(91.18364765758145+0j),(1.0023881222423205+0j),(0.997612549902512+0j),(1.1003697669524161e-07+0j),(0.01096687866397407+0j)
1089,0.9784837060071466,-1.6597711272440725,33.437235512630565,2.791664304584397,1290297.3533330841,(2025275.203457959+0j),(91.48916592610416+0j),(0.99999834192+0.0036517149416857514j),(0.99999834192-0.0036517149416857514j),(3.875075762253404e-07+0j),(0.010930255947559291+0j)
1090,0.9784974448064802,-1.6610255124329358,33.437896901977126,2.79130979300183,1013358.8948583974,(2026717.7897163015+0j),(91.80812502950535+0j),(0.9999981838180916+0.002882468765099326j),(0.9999981838180916-0.002882468765099326j),(1.0076313480107265e-06+0j),(0.010892282133845691+0j)
1091,0.978511709014399,-1.6623308683277829,33.438578616202584,2.7909402910583387,1014109.9344920758,(2028219.8689836585+0j),(92.14116699115185+0j),(1.0000002995683754+0.004360053340699824j),(1.0000002995683754-0.004360053340699824j),(8.793691121280005e-07+0j),(0.010852912250357132+0j)
1092,0.9785265176222102,-1.6636892899389928,33.43928096690628,2.7905551322487594,1014890.204625956,(2029780.4092514194+0j),(92.48896869978347+0j),(1.0000001425473621+0.0011850346886243233j),(1.0000001425473621-0.0011850346886243233j),(8.246006194300987e-07+0j),(0.010812100232679684+0j)
1093,0.9785418902096947,-1.665102959569963,33.44000423724201,2.7901536178491297,1015701.7194078539,(2031403.4388152156+0j),(92.85224378310552+0j),(1.000000550863907+0.0018133784235784944j),(1.000000550863907-0.0018133784235784944j),(7.08128796787274e-07+0j),(0.010769798975850292+0j)
1094,0.9785578469540962,-1.6665741504576752,33.44074867746619,2.789735015161782,3713209.5549588096,(2033092.8488662834+0j),(93.23174525747304+0j),(1.000327798610002+0j),(0.9996756032439301+0j),(1.346543987349929e-07+0j),(0.010725960317898438+0j)
1095,0.9785744086382335,-1.6681052305541284,33.44151450004479,2.7892985556500127,1017424.14201463,(2034848.2840287685+0j),(93.62826830239875+0j),(1.0000009130714527+0.0031914634527341855j),(1.0000009130714527-0.0031914634527341855j),(8.457469062595914e-07+0j),(0.010680535036395216+0j)
1096,0.978591596657606,-1.669698666451947,33.442301874280815,2.788843432955782,1018335.8400034838,(2036671.6800064766+0j),(94.04265266940114+0j),(0.9999991521741307+0.0021889511527762345j),(0.9999991521741307-0.0021889511527762345j),(8.305595567232092e-07+0j),(0.010633472914832185+0j)
1097,0.9786034919893716,-1.6708041046597641,33.44284235017157,2.7885271600425936,1018968.3620938689,(2037936.724187247+0j),(94.33116050789354+0j),(0.9999980131735802+0.004618846364236011j),(0.9999980131735802-0.004618846364236011j),(1.2863797807212579e-06+0j),(0.010600950890628832+0j)
1098,0.978616538182988,-1.6720190117851386,33.44343091694949,2.7881790613082154,1315229.9153335209,(2039329.4204400703+0j),(94.64921663861415+0j),(1.001390092784062+0j),(0.9986096118334935+0j),(3.801616692038824e-07+0j),(0.010565327802110346+0j)
1099,0.9786293630618745,-1.6732158870224345,33.44400519803333,2.78783560937431,1020350.0123539158,(2040700.0247073416+0j),(94.96355773205437+0j),(1.0000005641242418+0.004148668077905161j),(1.0000005641242418-0.004148668077905161j),(1.1504289500054793e-06+0j),(0.010530355263458805+0j)
1100,0.9786426788331934,-1.6744612890108646,33.444596927291265,2.787477682979889,1354759.476545458,(2042124.7809290667+0j),(95.29170755249488+0j),(1.0014701322456028+0j),(0.998532024759026+0j),(3.690692028042005e-07+0j),(0.010494092567803663+0j)
1101,0.9786565032883028,-1.6757572045515179,33.44520635193633,2.7871046423620167,1021802.4173500864,(2043604.8346996834+0j),(95.63432393327938+0j),(1.002851334059839+0j),(0.9971483188824862+0j),(9.818831466348513e-07+0j),(0.010456496777231358+0j)
1102,0.9786708547753801,-1.6771057027201384,33.44583369240028,2.7867158171195596,1022571.4333077685,(2045142.8666150481+0j),(95.99210013829116+0j),(1.0008779288714154+0j),(0.9991187201503481+0j),(1.0263928179784324e-06+0j),(0.010417523927060779+0j)
1103,0.9786857522086462,-1.6785089382716394,33.44647913830149,2.786310504564183,4257464.010591602,(2046748.1234222613+0j),(96.36576684001031+0j),(1.003950011726388+0j),(0.9960528637984467+0j),(-1.1744080484441456e-07+0j),(0.01037712906555899+0j)
1104,0.9787012150768634,-1.6799691551758027,33.44714284401782,2.7858879679698343,4043638.0129034477,(2048412.2607883182+0j),(96.75609582260167+0j),(1.0000009559195246+0.002013557927019013j),(1.0000009559195246-0.002013557927019013j),(-1.2365102870348015e-07+0j),(0.01033526612971507+0j)
1105,0.9787172634509891,-1.681488690287505,33.44782492382871,2.7854474347128284,1025070.6139015475,(2050141.2278026072+0j),(97.16390087805338+0j),(1.0014382215512023+0j),(0.9985589402652056+0j),(7.612799437827919e-07+0j),(0.010291888149433787+0j)
1106,0.9787339179908566,-1.6830699771543096,33.44852544659238,2.7849880942953895,1409045.2160104213,(2051946.368345318+0j),(97.59004107077071+0j),(1.00266407089422+0j),(0.9973389965886359+0j),(3.548502165287256e-07+0j),(0.010246947219481096+0j)
1107,0.9787511999507351,-1.6847155499639566,33.44924442991798,2.7845090962429446,1026907.4283443853,(2053814.8566882838+0j),(98.03542533102207+0j),(0.9999990425421044+0.0033032362433808604j),(0.9999990425421044-0.0033032362433808604j),(8.720964669053104e-07+0j),(0.010200394363802462+0j)
1108,0.9787631588446056,-1.6858570889067759,33.44973720262199,2.7841762223179796,7746941.750683087,(2055116.8231341816+0j),(98.34554492968533+0j),(1.003181787977355+0j),(0.9968222187089589+0j),(-6.454159797392495e-08+0j),(0.010168228776559044+0j)
1109,0.9787762733843506,-1.6871116065828897,33.450273100410996,2.7838098429135014,1028270.0768717157,(2056540.1537429453+0j),(98.68745420563499+0j),(1.000000428290691+0.0023877577872783383j),(1.000000428290691-0.0023877577872783383j),(7.340457816829477e-07+0j),(0.010133000268873298+0j)
1110,0.9787891640547688,-1.688347437546819,33.4507952476317,2.7834483449877547,1188526.8174184114,(2057939.1303113983+0j),(99.02539800948118+0j),(1.0026593281645764+0j),(0.9973379152477441+0j),(-4.206888668159243e-07+0j),(0.010098419396448318+0j)
1111,0.978802546669863,-1.6896333040385374,33.45133247063674,2.783071602201114,1844829.6119135886,(2059399.3757075667+0j),(99.37821668852814+0j),(1.0012507605963779+0j),(0.9987483051673082+0j),(2.710277397821044e-07+0j),(0.010062567364585561+0j)
1112,0.9788164389391972,-1.6909712486150479,33.45188489950318,2.782678939932712,1030458.8092867795,(2060917.6185730738+0j),(99.7466214949158+0j),(0.9999995926040479+0.0027334599591366236j),(0.9999995926040479-0.0027334599591366236j),(1.549961282105239e-06+0j),(0.010025402214262343+0j)
1113,0.97883085911647,-1.6923633978990642,33.45245263117707,2.782269651187574,7671392.978637398,(2062495.0741346367+0j),(100.13136200607346+0j),(1.0035832544136027+0j),(0.9964197120839692+0j),(-6.517721115218018e-08+0j),(0.009986881032733924+0j)
1114,0.9788458260075643,-1.6938119660122606,33.45303572507088,2.7818429948497205,1032066.2535275678,(2064132.5070546512+0j),(100.53322884478857+0j),(0.9999999156214774+0.0023470854545526052j),(0.9999999156214774-0.0023470854545526052j),(1.0989398807319525e-06+0j),(0.009946959940421848+0j)
1115,0.9788613589777779,-1.6953192581367447,33.45363419824307,2.7813981938252197,1032917.941002546,(2065835.882004608+0j),(100.95305601018858+0j),(1.00000034599694+0.0035036423989123714j),(1.00000034599694-0.0035036423989123714j),(8.388491437281395e-07+0j),(0.009905594139707074+0j)
1116,0.9788774779581216,-1.6968876742073673,33.454248020124986,2.7809344330702914,1640749.6553760017,(2067603.7990180552+0j),(101.3917243961075+0j),(0.9999989370269742+0.0013862803787813725j),(0.9999989370269742-0.0013862803787813725j),(3.047387505837776e-07+0j),(0.009862737870921687+0j)
1117,0.9788942034505407,-1.698519712737212,33.45487710675734,2.7804508574936855,5802002.975735162,(2069442.4355239226+0j),(101.85016403390618+0j),(1.0013721788343934+0j),(0.9986233414623836+0j),(-8.617713608405199e-08+0j),(0.009818344520956196+0j)
1118,0.9789057768456166,-1.6996517794497294,33.45530771516581,2.780114821546142,1035360.4580051443,(2070720.9160098056+0j),(102.16935133795188+0j),(0.9999990492592927+0.002518978028939927j),(0.9999990492592927-0.002518978028939927j),(7.347902907844846e-07+0j),(0.009787671027601022+0j)
1119,0.9789184682311612,-1.700895808751443,33.45577548271658,2.7797449798808276,1233499.1243159876,(2072121.7250811588+0j),(102.52123590138783+0j),(1.0014309943271262+0j),(0.9985683224958015+0j),(4.0535091605950444e-07+0j),(0.009754076715976926+0j)
1120,0.9789309425644788,-1.7021212274307043,33.456230705631896,2.7793800842330296,1036749.4851183934,(2073498.9702363047+0j),(102.86901695012551+0j),(0.9999988329688844+0.004071146109071694j),(0.9999988329688844-0.004071146109071694j),(9.839124582381902e-07+0j),(0.009721099993448862+0j)
1121,0.9789438925318242,-1.7033961760209688,33.45669849621537,2.778999819789991,11792153.009083701,(2074933.1147853048+0j),(103.2320824612596+0j),(1.0029152003794506+0j),(0.9970851867232465+0j),(-4.240107804018843e-08+0j),(0.009686911046999218+0j)
1122,0.9789573352267633,-1.7047226699755575,33.45717889889487,2.7786035079497173,1038208.8211429263,(2076417.6422853712+0j),(103.61116148466351+0j),(0.9999971843286155+0.0021551595583524266j),(0.9999971843286155-0.0021551595583524266j),(1.1050386812418783e-06+0j),(0.009651469838497784+0j)
1123,0.9789712882663254,-1.706102807220982,33.45767192283602,2.7781904376560487,1038984.6998110182,(2077969.399621555+0j),(104.00702115597667+0j),(1.0002886161593851+0j),(0.9997105389537793+0j),(7.461758840555188e-07+0j),(0.009614735513875924+0j)
1124,0.9789857697986604,-1.707538771492212,33.45817753756936,2.7777598636537033,2083587.0178878717,(2079578.1378886262+0j),(104.42047195351032+0j),(1.000839298076056+0j),(0.9991618545954861+0j),(-2.39970779097519e-07+0j),(0.009576666158388323+0j)
1125,0.9790007985099125,-1.7090328357902589,33.45869566821145,2.7773110046355636,3573364.7553554303,(2081250.1378959017+0j),(104.85236798584829+0j),(1.0032295819131378+0j),(0.9967706438618974+0j),(1.399241427146937e-07+0j),(0.009537219036724323+0j)
1126,0.9790163936301977,-1.710587365964759,33.45922619024569,2.776843041274446,1471847.5820895399,(2082988.0209073694+0j),(105.30361097842606+0j),(1.0000009192511699+0.0007399246424650242j),(1.0000009192511699-0.0007399246424650242j),(3.3970908814499805e-07+0j),(0.009496350511710471+0j)
1127,0.9790325749385516,-1.7122048244233645,33.459768923827326,2.7763551141307574,3365878.3417190206,(2084791.0642964998+0j),(105.77515335593839+0j),(1.000611411861164+0j),(0.9993895383326901+0j),(1.4854963526241154e-07+0j),(0.009454016073461668+0j)
1128,0.9790437714197276,-1.7133266997739778,33.46013982860857,2.7760160725257506,1043020.9201609344,(2086041.8403213895+0j),(106.10344025197573+0j),(1.0000003063576475+0.0031326967567646274j),(1.0000003063576475-0.0031326967567646274j),(1.0551374089900748e-06+0j),(0.009424765093616673+0j)
1129,0.9790560491452807,-1.7145594563893876,33.460542172308344,2.7756429400756004,1733622.985864907,(2087411.2045130949+0j),(106.46533444552932+0j),(1.0015154533222712+0j),(0.9984829723909211+0j),(2.88413342506872e-07+0j),(0.009392728677452578+0j)
1130,0.979068116554581,-1.715773696290146,33.46093313910019,2.775274815249068,1467162.283042872,(2088764.1922463626+0j),(106.82298527195043+0j),(1.0027939280837603+0j),(0.9972066514611191+0j),(3.407939297369789e-07+0j),(0.009361281164850917+0j)
1131,0.9790813473165414,-1.7171079683452786,33.46135666200856,2.7748696143688036,1045122.3764964723,(2090244.752992466+0j),(107.21736233372535+0j),(0.9999994786983879+0.0010349131570817145j),(0.9999994786983879-0.0010349131570817145j),(5.646932473246041e-07+0j),(0.009326847613421296+0j)
1132,0.9790943493868638,-1.7184222201316175,33.46176760548106,2.7744697892561696,1180646.141387417,(2091704.0681702378+0j),(107.60723111226649+0j),(1.0020792325778882+0j),(0.9979206642835348+0j),(4.2349691619922864e-07+0j),(0.009293055770160949+0j)
1133,0.9791078446722976,-1.7197895288669467,33.46218859513572,2.77405307872032,1046609.2122898386,(2093218.4245791994+0j),(108.01433039426189+0j),(1.0028873188897687+0j),(0.9971115926340148+0j),(5.30828450519708e-07+0j),(0.009258030821931525+0j)
1134,0.9791218506857025,-1.7212120474684482,33.46261951498771,2.7736187335219356,1626174.7737003437,(2094793.6159250522+0j),(108.43948911329821+0j),(1.0000003798830643+0.00042127595921788696j),(1.0000003798830643-0.00042127595921788696j),(3.0747002603066e-07+0j),(0.009221732859278499+0j)
1135,0.9791363854576829,-1.7226920163546964,33.4630602027376,2.773165968297163,1048214.1931662768,(2096428.3863320765+0j),(108.88358200791038+0j),(1.0011453387664908+0j),(0.9988548946557715+0j),(1.000160502064601e-06+0j),(0.009184121072787647+0j)
1136,0.979151467542297,-1.7242317669232592,33.46351044460863,2.7726939595934175,20182575.895885352,(2098127.1616496695+0j),(109.34753183504014+0j),(1.0021387362013825+0j),(0.9978625942029808+0j),(2.47738446558715e-08+0j),(0.009145153834002199+0j)
1137,0.9791671160217806,-1.7258337251494338,33.46396996972113,2.772201843780906,15742543.6070167,(2099892.054167687+0j),(109.83231295855936+0j),(1.0000009384601678+0.0025093331001835545j),(1.0000009384601678-0.0025093331001835545j),(-3.176106812733507e-08+0j),(0.009104788682525235+0j)
1138,0.9791833505101605,-1.7275004153075637,33.46443844396742,2.771688714832734,1050861.6151825194,(2101723.230364563+0j),(110.33895471242347+0j),(0.999999629520439+0.0025514221631500306j),(0.999999629520439-0.0025514221631500306j),(8.834765153744916e-07+0j),(0.0090629823583798+0j)
1139,0.9791945824833832,-1.7286563681081482,33.46475761060979,2.771332150084096,1051494.8667902395,(2102989.7335800035+0j),(110.69170942813477+0j),(0.9999985232368442+0.0027649156476895064j),(0.9999985232368442-0.0027649156476895064j),(9.08892872365797e-07+0j),(0.009034100251654116+0j)
1140,0.9792068979010529,-1.7299265043328713,33.465102884865345,2.770939721679784,8306681.83694103,(2104384.7368181814+0j),(111.0806056076543+0j),(1.000000167813165+0.002000795689746558j),(1.000000167813165-0.002000795689746558j),(-6.019250644420117e-08+0j),(0.009002471624365141+0j)
1141,0.9792190011037928,-1.7311774947911207,33.4654374174135,2.7705525487290132,1052877.47472892,(2105754.949457365+0j),(111.46497285817617+0j),(0.9999996864195532+0.0034672736695780205j),(0.9999996864195532-0.0034672736695780205j),(8.627168343616458e-07+0j),(0.008971428192717752+0j)
1142,0.9792315641218025,-1.7324788967372262,33.46577960936243,2.7701490763796124,2815327.4649855155,(2107180.7725695604+0j),(111.8662389696699+0j),(1.0017813624562772+0j),(0.9982204625001994+0j),(-1.7759923355935017e-07+0j),(0.008939247526415424+0j)
1143,0.9792446033500006,-1.7338327493528074,33.466129304069455,2.769728585453517,1054329.0846937802,(2108658.1693870863+0j),(112.28521028843448+0j),(1.000000529671273+0.003054011807659666j),(1.000000529671273-0.003054011807659666j),(5.125052059462724e-07+0j),(0.008905892391623918+0j)
1144,0.9792581356751098,-1.7352411743077067,33.466486301413504,2.7692903224036205,1158546.004368677,(2110193.1699749976+0j),(112.72273617474026+0j),(1.000000177960771+0.001927907690051957j),(1.000000177960771-0.001927907690051957j),(4.3157543862279053e-07+0j),(0.008871324756069488+0j)
1145,0.9792721784819443,-1.7367063790216946,33.46685035310333,2.768833497465839,2487202.9315614854,(2111789.845936504+0j),(113.17971243970021+0j),(1.0023559201754542+0j),(0.9976464639506275+0j),(-2.0102903291695475e-07+0j),(0.008835505749616427+0j)
1146,0.9792867496588767,-1.7382306600399806,33.46722115757054,2.7683572826967837,1076726.8291784243,(2113442.5280499225+0j),(113.6570847540528+0j),(0.9999995713382885+0.0026267016933375744j),(0.9999995713382885-0.0026267016933375744j),(4.643703365148087e-07+0j),(0.00879839564918881+0j)
1147,0.9793018676023691,-1.7398164065243924,33.467598354411834,2.767860809888487,1057581.3899180244,(2115162.779835576+0j),(114.15585031415934+0j),(0.999999504189228+0.0020737253147653277j),(0.999999504189228-0.0020737253147653277j),(1.0461811859457939e-06+0j),(0.008759954021177666+0j)
1148,0.9793175512204411,-1.7414661038613992,33.467981518346704,2.7673431683511285,1058473.8842650456,(2116947.768529619+0j),(114.67706306296596+0j),(0.9999995647886353+0.0018287730916793279j),(0.9999995647886353-0.0018287730916793279j),(8.403940505734029e-07+0j),(0.00872013961022393+0j)
1149,0.9793284017968269,-1.7426101962104694,33.46824172342155,2.766983486010339,1059092.8994003776,(2118185.798800283+0j),(115.03993636674564+0j),(1.0005301891690905+0j),(0.999468044274586+0j),(1.3979218785217602e-06+0j),(0.008692633459149784+0j)
1150,0.9793402987735843,-1.743867229877639,33.468522406803295,2.7665876435830183,1063297.603497656,(2119543.3317464655+0j),(115.43996308720398+0j),(1.0013253869926044+0j),(0.9986753975634639+0j),(4.702352364525129e-07+0j),(0.00866251143240908+0j)
1151,0.9793519904908623,-1.7451052434984575,33.46879352148282,2.7661971198063395,1452978.286980406,(2120878.7256025923+0j),(115.83530538209857+0j),(1.000001187166852+0.002149660720734138j),(1.000001187166852-0.002149660720734138j),(3.4412076524499497e-07+0j),(0.008632946550274667+0j)
1152,0.9793641261270861,-1.7463930704608719,33.469069949914655,2.7657901739212085,1061129.3572134757,(2122258.7144264802+0j),(116.24800239770579+0j),(1.0012214299433775+0j),(0.9987787662049443+0j),(-6.139642616119405e-07+0j),(0.008602298356741181+0j)
1153,0.9793767214939728,-1.747732720038914,33.469351457731506,2.7653660827426974,1061848.0872872926,(2123696.1745741144+0j),(116.67887900530816+0j),(0.9999992135900269+0.0010795457861134368j),(0.9999992135900269-0.0010795457861134368j),(5.191637288343474e-07+0j),(0.008570531432287233+0j)
1154,0.9793897928767697,-1.749126282370568,33.46963776534214,2.7649240886266497,10250005.946879292,(2125192.790266617+0j),(117.12880516910576+0j),(1.0000010409510378+0.002840386773633104j),(1.0000010409510378-0.002840386773633104j),(-4.878045950326797e-08+0j),(0.00853760950226283+0j)
1155,0.9794033570403049,-1.7505759316271394,33.46992854328499,2.7644633976235027,1063370.6535496325,(2126741.3070987947+0j),(117.59869862461419+0j),(0.9999998223880007+0.0021261645352213276j),(0.9999998223880007-0.0021261645352213276j),(6.134055012774104e-07+0j),(0.008503495461218003+0j)
1156,0.9794174312342551,-1.7520839292916361,33.47022340717681,2.763983177517974,1909818.2014773127,(2128349.871213207+0j),(118.08952649873903+0j),(1.0005873824220686+0j),(0.9994113092796507+0j),(2.618050239615825e-07+0j),(0.008468151491908056+0j)
1157,0.979432033197523,-1.7536526275475761,33.47052191222505,2.7634825557465663,1319212.1175413379,(2130024.991900334+0j),(118.60230951873683+0j),(1.0022454764878124+0j),(0.9977548800426763+0j),(3.7901410497345904e-07+0j),(0.008431539015211317+0j)
1158,0.9794471811616012,-1.7552844727793406,33.47082354726745,2.762960617182725,4385214.500086591,(2131761.9823416695+0j),(119.1381260435932+0j),(1.0010793155801823+0j),(0.9989234255119086+0j),(-1.1401950805146098e-07+0j),(0.008393618677820396+0j)
1159,0.9794628938528008,-1.7569820091847805,33.47112772830324,2.762416401782742,1066777.6463403127,(2133555.2926801564+0j),(119.69811522238508+0j),(1.0008044056413157+0j),(0.9991939672554441+0j),(7.837733290312026e-07+0j),(0.00835435042683292+0j)
1160,0.9794737633066768,-1.7581592074304921,33.471332934500644,2.7620382412458357,1069741.456672393,(2134799.72831703+0j),(120.08801946221386+0j),(0.9999991901086822+0.0015039535127840291j),(0.9999991901086822-0.0015039535127840291j),(4.6740265779307236e-07+0j),(0.008327225350848932+0j)
1161,0.9794856798190521,-1.7594525478649092,33.471552979998656,2.761622050191679,1068084.6590483782,(2136169.3180962885+0j),(120.51787707627275+0j),(0.9999992067869548+0.0009174616853899642j),(0.9999992067869548-0.0009174616853899642j),(8.328294408386875e-07+0j),(0.008297524186942403+0j)
1162,0.979497389548752,-1.7607262499867544,33.4717641604357,2.761211438096205,1068756.8061159572,(2137513.6122314464+0j),(120.94273457030681+0j),(1.0000001417887416+0.002219122547376097j),(1.0000001417887416-0.002219122547376097j),(4.867434331513933e-07+0j),(0.008268375967791522+0j)
1163,0.9795095426363345,-1.7620511288002794,33.47197801865778,2.760783545283501,1069452.439846314,(2138904.8796921605+0j),(121.38627761440672+0j),(0.9999997007576394+0.0024289371664878378j),(0.9999997007576394-0.0024289371664878378j),(6.783279399084765e-07+0j),(0.008238163486470393+0j)
1164,0.9795221547729079,-1.7634292425303393,33.47219419643356,2.760337609576352,1146725.236551001,(2140356.0269386424+0j),(121.84939723419274+0j),(1.0001253567780695+0j),(0.9998752185230765+0j),(4.3602424021288853e-07+0j),(0.008206852251213634+0j)
1165,0.9795352421110914,-1.7648627317293888,33.47241228397533,2.7598728323782575,1070926.0834740915,(2141852.166947716+0j),(122.33303430573856+0j),(1.0007727249257494+0j),(0.9992245696312434+0j),(1.1933990349273213e-06+0j),(0.008174406902220079+0j)
1166,0.9795488212701028,-1.7663538224608835,33.4726318149417,2.7593883767140754,1071707.3639509082,(2143414.72790135+0j),(122.83817890454957+0j),(1.0018326383083638+0j),(0.9981666699071635+0j),(7.988372080677279e-07+0j),(0.008140791477996564+0j)
1167,0.9795629093399963,-1.7679048295883057,33.472852261014786,2.7588833651473976,1072516.3520774215,(2145032.704154377+0j),(123.3658775733061+0j),(0.9999998576267484+0.0024745269525966425j),(0.9999998576267484-0.0024745269525966425j),(8.799929170594284e-07+0j),(0.008105969168056148+0j)
1168,0.9795775238849403,-1.7695181601704129,33.47307302601981,2.7583568775675604,1998709.978373795,(2146709.1215517605+0j),(123.9172341657871+0j),(1.0000000026973013+0.0014481410911986686j),(1.0000000026973013-0.0014481410911986686j),(2.501613567801592e-07+0j),(0.008069902517850436+0j)
1169,0.979592682945415,-1.7711963169636888,33.4732934395491,2.757807948836431,5017571.510812681,(2148450.129314285+0j),(124.49341428014625+0j),(1.0015853426342394+0j),(0.9984147814749836+0j),(-9.964980049064042e-08+0j),(0.008032553414831771+0j)
1170,0.9796031692299024,-1.7723600048974721,33.47344076930828,2.7574265308873604,1868005.117909587,(2149649.545715454+0j),(124.89456258479089+0j),(0.9999988659964081+0.0015156662541745752j),(0.9999988659964081-0.0015156662541745752j),(2.676652195469179e-07+0j),(0.008006753691293448+0j)
1171,0.9796146654866988,-1.7736384351741918,33.47359743031954,2.757006771615989,1075488.723614199,(2150977.4472279334+0j),(125.33678774658337+0j),(1.000000078619537+0.0012661822831793947j),(1.000000078619537-0.0012661822831793947j),(1.0418161567734752e-06+0j),(0.007978503502265954+0j)
1172,0.9796259620786761,-1.7748973854825503,33.47374639528925,2.756592656237123,1076136.0525207669,(2152272.105041069+0j),(125.77384046002052+0j),(0.9999989925430994+0.0004848980468114602j),(0.9999989925430994-0.0004848980468114602j),(1.1908544381726145e-06+0j),(0.007950778924630218+0j)
1173,0.9796383446027187,-1.7762804712645606,33.47390398434285,2.7561368446029815,1076848.0011808274,(2153696.0023611905+0j),(126.25578590226786+0j),(0.9999999129630557+0.0020047038895903042j),(0.9999999129630557-0.0020047038895903042j),(6.152558131592785e-07+0j),(0.007920429094419838+0j)
1174,0.9796505099339722,-1.7776424812765619,33.47405297632518,2.755687091956959,1077545.637419519,(2155091.274838574+0j),(126.73223621450406+0j),(0.9999999059623739+0.0017004098637473765j),(0.9999999059623739-0.0017004098637473765j),(5.94311899357716e-07+0j),(0.007890652211862673+0j)
1175,0.9796631334306097,-1.7790591368566384,33.47420143278667,2.7552183574519513,1420269.7856560424,(2156547.0999446344+0j),(127.22975740258772+0j),(1.0000005860714147+0.0009964985388878232j),(1.0000005860714147-0.0009964985388878232j),(3.5204579091225613e-07+0j),(0.007859796484838654+0j)
1176,0.9796762311055106,-1.7805326285210943,33.47434880965865,2.754729799458207,2451861.393102487,(2158045.140160761+0j),(127.74936569107398+0j),(1.0011504377949145+0j),(0.9988493490274232+0j),(2.0392669887727254e-07+0j),(0.007827827516729812+0j)
1177,0.9796898194250089,-1.78206523372646,33.474494499448205,2.7542205357713536,4134275.367923192,(2159606.4364750916+0j),(128.292130661525+0j),(1.0002985504401773+0j),(0.9997018107200542+0j),(1.2094017826663947e-07+0j),(0.007794710360189883+0j)
1178,0.9797039153121108,-1.783659320164716,33.47463782543498,2.7536896413999195,1080614.6157204704,(2161229.231440478+0j),(128.85918248648005+0j),(1.000000496116459+7.040043414525604e-05j),(1.000000496116459-7.040043414525604e-05j),(5.489009333508175e-07+0j),(0.0077604093142787595+0j)
1179,0.9797185361486823,-1.7853173491604297,33.474778035386485,2.753136146212246,1697860.433159459,(2162899.0463875467+0j),(129.4517152016032+0j),(0.9999993728762824+0.0005582810998667012j),(0.9999993728762824-0.0005582810998667012j),(2.944882808003363e-07+0j),(0.007724887989666324+0j)
1180,0.9797336997764903,-1.7870418791700244,33.47491429475622,2.752559032434393,2822695.979368548,(2164639.6733999485+0j),(130.07098785267715+0j),(1.0000001873973847+0.00010877258971111256j),(1.0000001873973847-0.00010877258971111256j),(1.7713561915791878e-07+0j),(0.007688109520110115+0j)
1181,0.9797441880512496,-1.7882376510562117,33.475003053150786,2.752158014581681,3415599.7401294224,(2165843.7520452393+0j),(130.50217548551657+0j),(1.0012135010321581+0j),(0.9987862794276218+0j),(1.4638717591103486e-07+0j),(0.007662707508746925+0j)
1182,0.9797556853911308,-1.7895512602517871,33.47509516409584,2.7517166701288693,1464710.111040636,(2167165.8773420826+0j),(130.97755239853285+0j),(1.0004776697543551+0j),(0.9995227864883675+0j),(3.4136447630911903e-07+0j),(0.007634896069499542+0j)
1183,0.9797669819263348,-1.7908447831871606,33.475180355004134,2.751281244341921,1084227.5057526696,(2168455.0115048783+0j),(131.44740571912274+0j),(0.9999999778494784+0.00023249597684417327j),(0.9999999778494784-0.00023249597684417327j),(6.556726724791735e-07+0j),(0.007607605448954473+0j)
1184,0.9797787048191211,-1.7921901319608955,33.4752631645261,2.750827496068764,1843715.2377368184,(2169800.078317508+0j),(131.93792864779974+0j),(1.000455382588009+0j),(0.9995454231062202+0j),(2.7119155375305814e-07+0j),(0.007579321657154785+0j)
1185,0.9797908690541564,-1.793589379258493,33.47534303169085,2.750354617221015,1809828.2728312756,(2171191.0288868705+0j),(132.45010869794456+0j),(0.9999999996701632+0.0008709871908930735j),(0.9999999996701632-0.0008709871908930735j),(2.7626930549484876e-07+0j),(0.0075500126789575465+0j)
1186,0.979803490048631,-1.7950446797634092,33.47541933596407,2.7498617610793814,3522187.4889946408,(2172633.335685293+0j),(132.98498588373604+0j),(0.9999999234995569+0.0004986590144471282j),(0.9999999234995569-0.0004986590144471282j),(1.419572358264006e-07+0j),(0.007519645870969096+0j)
1187,0.9798165836562873,-1.796558273257559,33.47549139195191,2.749348040209896,1339967.0055408136,(2174136.1940049725+0j),(133.54365680693664+0j),(1.0008314679376844+0j),(0.9991687210806993+0j),(3.731435161705855e-07+0j),(0.007488187937261653+0j)
1188,0.9798301661705844,-1.7981324878187992,33.47555844367119,2.748812524250384,4340689.524525319,(2175686.3489197455+0j),(134.12727985717737+0j),(1.0012470662309585+0j),(0.9987529595033792+0j),(1.1518907242154913e-07+0j),(0.007455604863273786+0j)
1189,0.9798442543268905,-1.7997697431157211,33.47561965835091,2.7482542375575907,1195313.1080360299,(2177293.441328262+0j),(134.7370764299776+0j),(1.0010296932829845+0j),(0.998970111336585+0j),(4.1830044081221284e-07+0j),(0.007421862092448943+0j)
1190,0.9798588653035814,-1.8014725537997134,33.4756741197308,2.7476721567026625,4334529.560594091,(2178958.9370360486+0j),(135.37433698949079+0j),(1.000393002199243+0j),(0.9996064857763256+0j),(1.1535277196990129e-07+0j),(0.0073869244514240175+0j)
1191,0.9798740167219213,-1.803243532993411,33.47572082081779,2.7470652078065223,1090342.3150796809,(2180684.630158903+0j),(136.04042510105765+0j),(0.9999997912068848+0.000617628825760031j),(0.9999997912068848-0.000617628825760031j),(7.527247058620309e-07+0j),(0.007350756212793634+0j)
1192,0.9798844953679562,-1.8044714351452626,33.47574725928622,2.7466434406496876,1090939.684226206,(2181879.368451954+0j),(136.50425043673357+0j),(1.0008572266855802+0j),(0.9991419383367836+0j),(4.906589616095987e-07+0j),(0.007325779210550533+0j)
1193,0.9798959810403223,-1.805820268147484,33.475770700847,2.7461792433459955,1091596.7673674962,(2183193.534734534+0j),(137.0156486284199+0j),(1.0007387108734238+0j),(0.9992603317997433+0j),(5.127226915378513e-07+0j),(0.0072984364195569+0j)
1194,0.9799072649771143,-1.8071484017932429,33.47578805995828,2.745721253717184,1429201.6092338015,(2184469.281882507+0j),(137.52114486641617+0j),(1.0002510392327615+0j),(0.999749225495356+0j),(3.4984567381512564e-07+0j),(0.007271609038520598+0j)
1195,0.9799189736055433,-1.8085296695103608,33.47580009688286,2.745243973639937,1205830.0153670448,(2185801.217764045+0j),(138.04892077914533+0j),(1.0000002891515378+0.0005393926838951382j),(1.0000002891515378-0.0005393926838951382j),(4.1465214302854286e-07+0j),(0.007243808892930643+0j)
1196,0.9799311217557765,-1.8099661898160524,33.475806115392196,2.744746550747124,1093589.8320298023,(2187179.6640591472+0j),(138.60004413914476+0j),(1.0000000747227935+6.891251014559388e-05j),(1.0000000747227935-6.891251014559388e-05j),(6.349520415140207e-07+0j),(0.0072150049172879024+0j)
1197,0.9799437246780107,-1.8114601644967474,33.47580535295491,2.7442280917857884,1271837.3226577032,(2188613.307917131+0j),(139.17563964644015+0j),(1.0000001989512501+6.227994559295717e-05j),(1.0000001989512501-6.227994559295717e-05j),(3.931320390529576e-07+0j),(0.007185165468167761+0j)
1198,0.979956798045591,-1.8130138817100756,33.47579697507564,2.743687660400425,1095047.152201711,(2190094.304402965+0j),(139.77689473048758+0j),(0.9999997739253762+0.0003401634128066474j),(0.9999997739253762-0.0003401634128066474j),(5.166746928977407e-07+0j),(0.007154258233663927+0j)
1199,0.9799703579572069,-1.8146297191794887,33.4757800691779,2.74312427477663,1095811.2859557676,(2191622.571911079+0j),(140.40506206638312+0j),(0.9999995922813643+0.00047700820148315244j),(0.9999995922813643-0.00047700820148315244j),(7.150905620044156e-07+0j),(0.007122250332604806+0j)
1200,0.9799844209380544,-1.8163101474813672,33.47575363799624,2.742536905134076,1248588.1986525292,(2193211.455215852+0j),(1.000236492882713+0j),(0.9997640179600478+0j),(4.004522872630688e-07+0j),(141.06146350927835+0j),(0.007089108358316665+0j)
1201,0.9799990039398435,-1.8180577334237187,33.475716592442495,2.7419244710585793,4721839.193623461,(2194862.923664665+0j),(1.0000002155412517+0.0003290904067442073j),(1.0000002155412517-0.0003290904067442073j),(-1.0589094196075618e-07+0j),(141.7474962000548+0j),(0.0070547983337334585+0j)
1202,0.9800090893870866,-1.81926934781795,33.47568519508055,2.7414989098324396,3331217.602587124,(2195997.868578801+0j),(1.0000003030630453+0.0007922941261016837j),(1.0000003030630453-0.0007922941261016837j),(1.500952683522374e-07+0j),(142.22517320730034+0j),(0.007031104110795994+0j)
1203,0.9800201439949038,-1.8206002247817792,33.4756453211679,2.7410305533847223,2278109.5877166023,(2197240.0138118872+0j),(1.0000002156396877+0.0005083117804254431j),(1.0000002156396877-0.0005083117804254431j),(2.1948022285494385e-07+0j),(142.75180893542085+0j),(0.007005165170625105+0j)
1204,0.9800310043623767,-1.8219106127311504,33.47560055744689,2.7405684771480336,12756389.315030618,(2198459.2035783706+0j),(143.27232981959725+0j),(1.0000002011912468+0.0008548901920540804j),(1.0000002011912468-0.0008548901920540804j),(3.919604424512664e-08+0j),(0.00697971479389869+0j)
1205,0.9800422734033571,-1.82327335654855,33.475548218470735,2.7400869560862806,1099864.3766102432,(2199728.753220032+0j),(143.81575462540488+0j),(1.0001180335336588+0j),(0.9998813800861022+0j),(8.408249624896104e-07+0j),(0.0069533411176133635+0j)
1206,0.980053965386594,-1.8246905386046104,33.475487536751025,2.7395851323505944,15472339.925992984,(2201034.0878746323+0j),(144.3831781947339+0j),(1.0009920101333782+0j),(0.9990091475665835+0j),(3.23157326165009e-08+0j),(0.006926014598819474+0j)
1207,0.9800660949852682,-1.826164322751849,33.47541767716712,2.739062107038062,2564411.1995156417,(2202392.299156729+0j),(144.97575268240175+0j),(1.0000001852231464+0.000827465340668147j),(1.0000001852231464-0.000827465340668147j),(1.9497653110174277e-07+0j),(0.006897705178257496+0j)
1208,0.9800786772800799,-1.827696957335414,33.475337731370594,2.7385169379711938,1891152.615652247,(2203799.217485685+0j),(145.59469453547263+0j),(0.9999998605474898+0.0010474093757409095j),(0.9999998605474898-0.0010474093757409095j),(2.6438902702074523e-07+0j),(0.006868382142562204+0j)
1209,0.9800917277614621,-1.8292907782920922,33.47524671174732,2.7379486373384574,1102626.14639341,(2205252.2927863663+0j),(146.24128714247524+0j),(1.000865821909833+0j),(0.9991336895360874+0j),(7.792395975995315e-07+0j),(0.006838014212957086+0j)
1210,0.9801052623308149,-1.8309482123373357,33.475143544900384,2.737356169184181,10610879.319253296,(2206763.2293978166+0j),(146.9168844028515+0j),(1.0000000350688758+0.0015607066801400413j),(1.0000000350688758-0.0015607066801400413j),(4.7121448181279185e-08+0j),(0.006806569606108664+0j)
1211,0.9801192973006458,-1.8326717802393515,33.47502706462085,2.7367384467375158,1104161.2961819828,(2208322.592363513+0j),(147.62291756542004+0j),(0.9999995888871076+0.0008054262202359811j),(0.9999995888871076-0.0008054262202359811j),(6.169177243616898e-07+0j),(0.0067740159623675055+0j)
1212,0.9801338493934931,-1.8344641001786877,33.47489600430542,2.7360943295678464,1104966.5630570548,(2209933.126113657+0j),(148.36089822559833+0j),(1.001066927748612+0j),(0.9989325408610796+0j),(1.0177846870060007e-06+0j),(0.006740320475001762+0j)
1213,0.9801439123531688,-1.835706651243347,33.47479920667129,2.7356467316583397,1105524.379400795,(2211048.758801138+0j),(148.8747904942943+0j),(1.0004356597494442+0j),(0.9995631718724888+0j),(5.240917381872932e-07+0j),(0.006717053953044577+0j)
1214,0.9801549412681568,-1.8370714367486982,33.47468728850846,2.735154102402341,1121833.9392101131,(2212265.604367804+0j),(149.44139622739988+0j),(0.9999996667313265+0.00132797963151643j),(0.9999996667313265-0.00132797963151643j),(4.4569876389383526e-07+0j),(0.006691586302336002+0j)
1215,0.9801657753290541,-1.8384151361357828,33.47457137883538,2.734668058195352,17060873.53484195,(2213460.5477564894+0j),(150.00146671892355+0j),(1.0000001459036594+0.000537487092231187j),(1.0000001459036594-0.000537487092231187j),(-2.9306822946603148e-08+0j),(0.006666601479785471+0j)
1216,0.9801770159559906,-1.839812443251326,33.47444482976008,2.7341615387089306,1107345.5376217598,(2214691.075243068+0j),(150.58622842120224+0j),(1.0000007980852308+0.002289127011717559j),(1.0000007980852308-0.002289127011717559j),(-5.892803815700793e-07+0j),(0.006640713500054866+0j)
1217,0.9801886772539273,-1.8412654837122209,33.47430673421082,2.73363363876023,1284580.718297447,(2215966.244575018+0j),(151.196863770574+0j),(1.0000012969643644+0.0012985468554411973j),(1.0000012969643644-0.0012985468554411973j),(-3.8923206060788765e-07+0j),(0.0066138938008274755+0j)
1218,0.9802007737200212,-1.84277646576063,33.47415611060214,2.7330834096857157,2939581.798122254,(2217301.7775915377+0j),(151.83461914010695+0j),(1.0000000207238346+0.00169740452602482j),(1.0000000207238346-0.00169740452602482j),(-1.7009222207029735e-07+0j),(0.006586113270242201+0j)
1219,0.9802133202458502,-1.8443476832691543,33.473991896869045,2.7325098569745183,1109335.3017028011,(2218670.6034051515+0j),(152.50081200038207+0j),(1.0004941593675678+0j),(0.9995039261840293+0j),(1.0068654747943701e-06+0j),(0.00655734213402057+0j)
1220,0.9802263321187185,-1.8459815188295299,33.47381294403545,2.7319119377549788,1110043.5833741047,(2220087.166747759+0j),(153.19683012698758+0j),(0.9999993721000078+0.0017827527714970484j),(0.9999993721000078-0.0017827527714970484j),(1.0798809867968923e-06+0j),(0.0065275502056739996+0j)
1221,0.980239825021921,-1.8476804469240768,33.47361800928202,2.7312885581167583,1110777.7811471417,(2221555.562293833+0j),(153.92413954699728+0j),(1.0011605504599808+0j),(0.9988373073423813+0j),(9.810591693299918e-07+0j),(0.006496706773510123+0j)
1222,0.9802538150338573,-1.8494470371779532,33.473405748475976,2.730638570261242,1793352.636501908,(2223065.5269598747+0j),(154.68428990111744+0j),(1.0010823800546316+0j),(0.9989187730981769+0j),(2.788074078812145e-07+0j),(0.006464780622774161+0j)
1223,0.9802683186258667,-1.8512839576901934,33.473174708122706,2.7299607694649892,2753937.2269570883,(2224629.850615531+0j),(155.47891762705984+0j),(1.002434895576488+0j),(0.9975668059862666+0j),(1.8155824145363044e-07+0j),(0.006431740169413322+0j)
1224,0.9802783469208498,-1.8525573460404332,33.47300837152662,2.729489740962287,1112856.4942062383,(2225712.9884120272+0j),(156.03230490335713+0j),(1.0021328040223336+0j),(0.9978670862626537+0j),(6.100857417103382e-07+0j),(0.006408929231788064+0j)
1225,0.9802893367857668,-1.8539559244323032,33.47281986022027,2.7289713011966343,1113445.442603401,(2226890.885206353+0j),(156.6425033503991+0j),(1.0012431022616688+0j),(0.9987570470728726+0j),(9.218239785477528e-07+0j),(0.00638396334719292+0j)
1226,0.9803001314075347,-1.8553328147440176,33.47262832280287,2.7284597682152434,1114023.6942918962,(2228047.3885833435+0j),(157.24571116641732+0j),(1.0008601476127483+0j),(0.9991404610616036+0j),(5.776214976052591e-07+0j),(0.006359473925118939+0j)
1227,0.9803113299833459,-1.8567645528410635,33.47242289963114,2.727926661560706,1217228.9138620796,(2229249.785493369+0j),(157.87556118163673+0j),(0.9999998618561463+0.0018814974404235056j),(0.9999998618561463-0.0018814974404235056j),(-4.107690790992316e-07+0j),(0.0063341025838049335+0j)
1228,0.9803229464360828,-1.8582533065432227,33.47220253648808,2.7273710253779346,1115239.4965441043,(2230478.99308776+0j),(158.53333510619362+0j),(1.0019154763827471+0j),(0.9980853356599922+0j),(5.500370878695649e-07+0j),(0.006307821628349968+0j)
1229,0.9803349950680244,-1.8598013273498615,33.47196609743287,2.7267918577153396,4255131.427773981,(2231758.1564220414+0j),(159.2203819791236+0j),(1.0000003244452502+0.003019712218156029j),(1.0000003244452502-0.003019712218156029j),(-1.1750518367926785e-07+0j),(0.006280602945210874+0j)
1230,0.9803474905622069,-1.861410953432087,33.47171235844673,2.726188108000684,2799684.8934695707,(2233080.3569620224+0j),(159.93812716776063+0j),(1.0018114331749146+0j),(0.9981905849002534+0j),(-1.7859152691300915e-07+0j),(0.006252417842480548+0j)
1231,0.9803604479828062,-1.8630846127028853,33.471440000591464,2.7255586743569147,3824951.6617386057,(2234450.5753603093+0j),(160.6880745699963+0j),(1.0000000908212567+0.001964706155025192j),(1.0000000908212567-0.001964706155025192j),(1.3072060622401094e-07+0j),(0.006223237179734405+0j)
1232,0.9803738827744275,-1.8648248259638267,33.47114760264377,2.7249024007433422,2463760.4555419674,(2235860.345766614+0j),(161.471813391076+0j),(1.0000000189172251+0.0014023056366404983j),(1.0000000189172251-0.0014023056366404983j),(2.0294180746156703e-07+0j),(0.006193031334728992+0j)
1233,0.9803878107601881,-1.8666342101257714,33.470833633164695,2.724218073911453,1118658.7648375924,(2237317.5296747377+0j),(162.2910218646034+0j),(1.0011456640394798+0j),(0.9988535000588452+0j),(4.6440445229694366e-07+0j),(0.006161770309367324+0j)
1234,0.9803974410630995,-1.8678884449498332,33.470610046271084,2.7237425272709848,1434352.3996045585,(2238321.346117193+0j),(162.86148108407568+0j),(0.9999992448269903+0.0031618032279248295j),(0.9999992448269903-0.0031618032279248295j),(3.4858937046287054e-07+0j),(0.006140187313442146+0j)
1235,0.9804079947772302,-1.8692659257295958,33.47035888010973,2.723219130724437,2359004.5382018965,(2239415.0174442763+0j),(163.49045954523535+0j),(0.9999999922031635+0.0010948393206447657j),(0.9999999922031635-0.0010948393206447657j),(2.1195381013600654e-07+0j),(0.006116564861244017+0j)
1236,0.9804183610029485,-1.8706219835538096,33.470105887889055,2.7227027234190735,1120242.416728917,(2240484.833457388+0j),(164.11218694873583+0j),(0.999999979593984+0.0040312366019727985j),(0.999999979593984-0.0040312366019727985j),(5.533589497483358e-07+0j),(0.006093392688212542+0j)
1237,0.9804297189529468,-1.8721112565169988,33.46982149300877,2.722134264621472,1120827.242691887,(2241654.485383328+0j),(164.79789862136622+0j),(1.002563811991062+0j),(0.9974369016316561+0j),(1.0035600953740582e-06+0j),(0.006068038539133107+0j)
1238,0.9804408728237188,-1.8735773295641334,33.46953483515469,2.7215733044812778,21667117.199152734,(2242805.1326989634+0j),(165.4759161308584+0j),(0.9999996076844371+0.0034902628638884357j),(0.9999996076844371-0.0034902628638884357j),(2.3076443229815186e-08+0j),(0.006043175486687578+0j)
1239,0.9804524416796304,-1.8751016913979692,33.469229741820946,2.720988607405314,2664393.05924419,(2243989.6900497777+0j),(166.18405149242273+0j),(0.9999994826157803+0.0012473281555965103j),(0.9999994826157803-0.0012473281555965103j),(-1.8765999943786555e-07+0j),(0.006017424602544207+0j)
1240,0.9804644396248579,-1.8766866359641048,33.468904917963584,2.7203791151488437,1234096.5270645306,(2245212.1310469974+0j),(166.92376580007854+0j),(0.9999991675632252+0.001418171838147503j),(0.9999991675632252-0.001418171838147503j),(4.051546933604953e-07+0j),(0.0059907586868002995+0j)
1241,0.9804768811305871,-1.8783345448489548,33.46855897261177,2.7197437178920376,1123232.1842558463,(2246464.3685112474+0j),(167.69660183750185+0j),(1.00000062777496+0.0017954021039913734j),(1.00000062777496-0.0017954021039913734j),(5.077424059850588e-07+0j),(0.005963150052207916+0j)
1242,0.9804897810344767,-1.880047890324878,33.468190411601505,2.7190812513739067,2300029.848481755,(2247767.5341824507+0j),(168.50418672887278+0j),(1.0009526473828205+0j),(0.9990484127282543+0j),(2.1738848316689134e-07+0j),(0.005934570644275973+0j)
1243,0.9805031545389699,-1.881829238464888,33.46779762975719,2.718390493837372,1124556.9863140823,(2249113.97262772+0j),(169.34824128622773+0j),(0.9999989886574424+0.003236156311658196j),(0.9999989886574424-0.003236156311658196j),(4.781124986270373e-07+0j),(0.005904991940904376+0j)
1244,0.9805170172083413,-1.8836812523238238,33.46737890248442,2.717670162775147,1125250.4445883944,(2250500.8891763445+0j),(170.23058398604564+0j),(0.9999985218408523+0.0016603876382867597j),(0.9999985218408523-0.0016603876382867597j),(6.581836997761424e-07+0j),(0.005874385063992903+0j)
1245,0.9805266012870225,-1.8849649532342194,33.46708246973226,2.717169568559655,1125723.4023478786,(2251446.804695313+0j),(170.8450605904665+0j),(1.003686646555118+0j),(0.996312712427426+0j),(9.197692835224112e-07+0j),(0.005853256725957097+0j)
1246,0.980537103346303,-1.8863747162161808,33.466751083103446,2.7166185776739744,1126245.2306938933,(2252490.461387343+0j),(171.52262117415623+0j),(0.9999982271336467+0.00199944607607001j),(0.9999982271336467-0.00199944607607001j),(5.678937239986897e-07+0j),(0.005830134784305373+0j)
1247,0.980547417816301,-1.8877624729142835,33.466418896708966,2.7160749173243395,1478134.5440047674,(2253492.362327181+0j),(172.19242324203907+0j),(1.0000015056861429+0.0008684703503589218j),(1.0000015056861429-0.0008684703503589218j),(3.382642006629435e-07+0j),(0.005807456455833967+0j)
1248,0.9805581172125531,-1.8892053581759811,33.46606723272069,2.715508317711893,1127273.4989462562,(2254546.9978920687+0j),(172.8918104128427+0j),(0.9999994260769264+0.002988755848252458j),(0.9999994260769264-0.002988755848252458j),(4.7481382289922187e-07+0j),(0.005783963957644053+0j)
1249,0.9805692147193148,-1.8907055388070233,33.46569481626875,2.7149177613923463,1127813.1048596785,(2255626.209718914+0j),(173.6222065352895+0j),(1.0029519953136616+0j),(0.9970481685492208+0j),(7.074183434430362e-07+0j),(0.00575963190399564+0j)
1250,0.9805807238733847,-1.8922652642886795,33.4653002821919,2.71430218174127,1128371.9101673411,(2256743.820334239+0j),(174.38511046228294+0j),(0.9999992451274982+0.002867079451180832j),(0.9999992451274982-0.002867079451180832j),(4.96424461214378e-07+0j),(0.005734434536011588+0j)
1251,0.9805926585647018,-1.893886869655027,33.46488216836139,2.7136604602515497,1128945.28504422,(2257890.5700879972+0j),(175.18210518678976+0j),(1.0008486238480108+0j),(0.9991515519698446+0j),(5.707894890236752e-07+0j),(0.005708345603734791+0j)
1252,0.9806050330359576,-1.8955727784378873,33.46443890850512,2.7129914236545734,1129538.2600655162,(2259076.5201305896+0j),(176.0148604775301+0j),(1.001835948072546+0j),(0.9981628769027617+0j),(8.507998293804064e-07+0j),(0.005681338480634606+0j)
1253,0.9806178618811262,-1.8973255056770721,33.46396882449454,2.7122938408557142,1172024.159094303,(2260295.675862157+0j),(176.88514090265193+0j),(0.99999964081277+0.0024567792516681734j),(0.99999964081277-0.0024567792516681734j),(4.2661236640930044e-07+0j),(0.005653386117661029+0j)
1254,0.980631160042792,-1.8991476609925624,33.46347011805552,2.7115664196682916,1130772.757241814,(2261545.5144831855+0j),(177.7948107763811+0j),(1.0021783643297244+0j),(0.9978242131870132+0j),(5.348462099464082e-07+0j),(0.005624461116940556+0j)
1255,0.9806449428081463,-1.9010419517146668,33.46294086185995,2.710807803328354,1131422.9664289488,(2262845.9328574557+0j),(178.74583961276562+0j),(1.0009804485887475+0j),(0.9990160284562264+0j),(1.0710655059254975e-06+0j),(0.005594535806638448+0j)
1256,0.9806544705666496,-1.902354866859757,33.46256757663165,2.710280571514032,2629011.989048692,(2263730.4077600287+0j),(179.40820738289804+0j),(0.9999992333345008+0.0025196175790795704j),(0.9999992333345008-0.0025196175790795704j),(1.901855153505569e-07+0j),(0.005573881009070915+0j)
1257,0.9806649098981156,-1.903796628574296,33.46215156330879,2.7097002316202334,1132344.4607848534,(2264688.9215692654+0j),(180.1386309704633+0j),(1.0020252070908586+0j),(0.9979770194889068+0j),(6.265928374113493e-07+0j),(0.005551280114740323+0j)
1258,0.9806751617269786,-1.9052157980368016,33.461735838946474,2.7091275822053706,1385565.3554505392,(2265629.4653016254+0j),(180.86074449405658+0j),(1.00000177453127+0.0015964372464954612j),(1.00000177453127-0.0015964372464954612j),(3.6086352623726075e-07+0j),(0.005529115800095891+0j)
1259,0.9806857950594318,-1.9066912528099111,33.461297073994665,2.708530738059146,1904024.439824615,(2266602.249071587+0j),(181.61481326440872+0j),(1.0000012843905877+0.003509568490622026j),(1.0000012843905877-0.003509568490622026j),(2.6260167125065416e-07+0j),(0.005506158787493844+0j)
1260,0.9806968228741276,-1.9082251975542937,33.46083383355059,2.707908623301787,2854456.006266031,(2267600.7046220573+0j),(182.4023782387753+0j),(1.0013784087216857+0j),(0.9986259755705909+0j),(-1.7516472452279096e-07+0j),(0.005482384657782434+0j)
1261,0.9807082584891523,-1.9098199203993864,33.460344584650315,2.707260109816232,1447908.9901204614,(2268632.0745936977+0j),(183.2250639875777+0j),(1.0000009845899975+0.0017946941833580812j),(1.0000009845899975-0.0017946941833580812j),(3.4532557184996914e-07+0j),(0.005457768594752388+0j)
1262,0.9807201155617747,-1.9114777957892506,33.45982768917787,2.7065840143551854,1134846.1438375446,(2269692.2876746487+0j),(184.08458575885916+0j),(1.0000006835042954+0.0028295466329928774j),(1.0000006835042954-0.0028295466329928774j),(4.69498525676405e-07+0j),(0.005432285358787389+0j)
1263,0.9807324080871705,-1.913201287388974,33.45928139624693,2.7058790954635676,3590657.174757297,(2270786.592738537+0j),(184.98275398821553+0j),(0.9999990568878204+0.0036988594019677717j),(0.9999990568878204-0.0036988594019677717j),(1.392502752741373e-07+0j),(0.005405909353412594+0j)
1264,0.9807451503960036,-1.9149929510487413,33.45870383402186,2.705144050196482,1135951.0479047198,(2271902.0958089996+0j),(185.92148237454566+0j),(1.0015047554422014+0j),(0.9984950815789942+0j),(6.422607391371348e-07+0j),(0.005378614602386983+0j)
1265,0.9807583571507487,-1.9168554378210159,33.45809300093302,2.704377510619902,345550922.3336555,(2273052.3637874424+0j),(186.90279175770473+0j),(1.0014291814077854+0j),(0.9985700080223919+0j),(-1.446964738578276e-09+0j),(0.00535037486915562+0j)
1266,0.9807720433406297,-1.9187914970260451,33.457446756242966,2.703578040077222,24123346.851882573,(2274229.60162347+0j),(187.92882052814994+0j),(0.9999995096326366+0.0028598860995121414j),(0.9999995096326366-0.0028598860995121414j),(-2.0726808890574007e-08+0j),(0.005321163604352336+0j)
1267,0.9807815032410929,-1.9201332657372627,33.4569921342203,2.7030223799239916,10856586.113473339,(2275030.7727746516+0j),(188.6434847006081+0j),(1.000001232033894+0.0009507522074443794j),(1.000001232033894-0.0009507522074443794j),(-4.6054993233967585e-08+0j),(0.0053010047051834+0j)
1268,0.9807918671905419,-1.921606622261798,33.45648656286718,2.7024107148068586,1137954.9491910432,(2275909.8983816467+0j),(189.43163484749303+0j),(1.0026939008172044+0j),(0.9973069200563218+0j),(4.757012582425519e-07+0j),(0.00527894932020012+0j)
1269,0.9808020439385696,-1.9230567988283758,33.45598243931509,2.7018071210672043,1138382.0570933337,(2276764.1141862283+0j),(190.21087779956594+0j),(1.0027428052750367+0j),(0.9972568188662979+0j),(6.869088860146112e-07+0j),(0.005257322880639871+0j)
1270,0.9808125982911088,-1.9245643928456349,33.45545151176712,2.701177988982891,1138820.401759702,(2277640.803518965+0j),(191.02466677994798+0j),(1.0026843760651547+0j),(0.9973154694965691+0j),(7.672716476771661e-07+0j),(0.005234926027411541+0j)
1271,0.9808235430038046,-1.9261316451340285,33.45489217673265,2.700522179852088,1729427.7136353485,(2278543.622061081+0j),(191.8746718490528+0j),(0.9999997028702746+0.0023282732191370215j),(0.9999997028702746-0.0023282732191370215j),(-2.8911298000944795e-07+0j),(0.005211735297654593+0j)
1272,0.980834891158044,-1.9277608806462279,33.4543027244983,2.69983849942411,3121818.2598161716,(2279464.6075675245+0j),(192.7626558171225+0j),(1.0000012043995659+0.00244241204066365j),(1.0000012043995659-0.00244241204066365j),(-1.60163071129405e-07+0j),(0.00518772682272391+0j)
1273,0.9808466561598502,-1.929454511270549,33.45368133159929,2.699125694804096,2207659.231537244,(2280416.620219202+0j),(193.69047806046206+0j),(0.9999997854077568+0.003857905172674975j),(0.9999997854077568-0.003857905172674975j),(-2.264842294758798e-07+0j),(0.00516287640989505+0j)
1274,0.9808588517376934,-1.9312150386873117,33.4530260527405,2.6983824511530985,3193104.0102464077,(2281386.6297532804+0j),(194.66010397810194+0j),(1.000000319514633+0.002242129084274229j),(1.000000319514633-0.002242129084274229j),(-1.5658744544354128e-07+0j),(0.005137159487512401+0j)
1275,0.9808714919391089,-1.9330450572734896,33.452334812125144,2.697607388171428,3746970.788292151,(2282383.843502731+0j),(195.67360871220012+0j),(0.9999994453880674+0.004356981121797315j),(0.9999994453880674-0.004356981121797315j),(1.3344112571208653e-07+0j),(0.005110551221390417+0j)
1276,0.9808845911259987,-1.934947257051024,33.45160539415145,2.6967990563444206,1141697.2149786353,(2283394.429956833+0j),(196.73318753377998+0j),(1.0000014032492592+0.0049337569660293235j),(1.0000014032492592-0.0049337569660293235j),(4.71015331672032e-07+0j),(0.005083026471192643+0j)
1277,0.9808936453627509,-1.9362654952583338,33.45109337432023,2.6962372541053115,1142051.3252977715,(2284102.6505951053+0j),(197.47115109150397+0j),(0.9999966312920205+0.002355927578636122j),(0.9999966312920205-0.002355927578636122j),(8.872135858581179e-07+0j),(0.005064030844395661+0j)
1278,0.980903564949046,-1.9377129527725931,33.450525006357395,2.695618843793183,1142423.4398045107,(2284846.8796085836+0j),(198.28493404051662+0j),(1.003502629370877+0j),(0.9964973302070355+0j),(8.388598687104427e-07+0j),(0.005043247510671331+0j)
1279,0.9809133054319659,-1.9391375758911185,33.44995930887027,2.695008610122015,1294745.3148082274,(2285570.9528042665+0j),(199.08945362663331+0j),(1.0022414715350698+0j),(0.9977651443172532+0j),(3.861763346671253e-07+0j),(0.005022867770181927+0j)
1280,0.9809239744929213,-1.9407017802616051,33.4493309893486,2.694336773976168,1143182.3465049996,(2286364.693009562+0j),(199.9769040502935+0j),(1.0024947874046701+0j),(0.9975097834167079+0j),(8.650373936492897e-07+0j),(0.0050005774654286695+0j)
1281,0.9809344485067687,-1.9422412393603492,33.44870525215277,2.6936737036518097,2228687.7553911814,(2287144.5844933344+0j),(200.85453474836132+0j),(1.0022553931125961+0j),(0.9977415310247953+0j),(2.243472638957738e-07+0j),(0.004978727521655773+0j)
1282,0.9809453087025685,-1.9438415069921904,33.448047058007056,2.692982473301909,1506417.0554103542,(2287932.5548574887+0j),(201.7712959571908+0j),(0.9999972802203586+0.00551560734859993j),(0.9999972802203586-0.00551560734859993j),(3.3191339556617873e-07+0j),(0.004956106344357462+0j)
1283,0.9809565679224139,-1.9455049435836231,33.447354514759155,2.6922618185675224,1144362.3093250482,(2288724.6186496597+0j),(202.72909762099226+0j),(1.0000009529431475+0.0026593366879897173j),(1.0000009529431475-0.0026593366879897173j),(8.590405980309513e-07+0j),(0.00493269102331313+0j)
1284,0.9809682393183242,-1.947233997005836,33.44662560759375,2.691510412689781,1144776.5717996857,(2289553.1435989346+0j),(203.72995380030986+0j),(1.0012950629081707+0j),(0.9987010538255726+0j),(1.1763957618085847e-06+0j),(0.004908458384988259+0j)
1285,0.9809803363491286,-1.9490312053705037,33.44585819046989,2.6907268629728964,1719114.9679152821,(2290383.0947384452+0j),(204.7759965361613+0j),(1.0024646734597755+0j),(0.9975377469116706+0j),(2.908473309416746e-07+0j),(0.00488338485423509+0j)
1286,0.9809928727761031,-1.9508991998640903,33.44504997693922,2.689909707012712,3484090.9778633188,(2291245.427988613+0j),(205.86947450672898+0j),(1.0025403730046136+0j),(0.9974545286167967+0j),(1.4350945574522403e-07+0j),(0.004857446702071067+0j)
1287,0.9810058626572313,-1.9528407076147947,33.44419853029876,2.6890574086687966,1542022.4781560278,(2292104.2966694413+0j),(207.01276994507964+0j),(1.0000000327337617+0.0019085460492823632j),(1.0000000327337617-0.0019085460492823632j),(3.2424948863129387e-07+0j),(0.004830619870813358+0j)
1288,0.9810148402875947,-1.9541860869617997,33.443601678993616,2.6884650089628015,9778545.872461993,(2292691.7977039274+0j),(207.80910460609482+0j),(1.0000007659551846+0.0024932612133026985j),(1.0000007659551846-0.0024932612133026985j),(5.1132346927786496e-08+0j),(0.004812108698977656+0j)
1289,0.9810246749548598,-1.9556632520980581,33.44293991389924,2.687812880024215,3168536.4342571907,(2293329.6323678233+0j),(208.68731438643226+0j),(0.9999997203941955+0.0006445166326437816j),(0.9999997203941955-0.0006445166326437816j),(1.578015624482566e-07+0j),(0.004791858110504967+0j)
1290,0.9810343310400509,-1.957117017794964,33.442282036660664,2.6871693344162937,1146973.83503774,(2293947.670075044+0j),(209.55558932755656+0j),(0.9999977986818044+0.002906912905928836j),(0.9999977986818044-0.002906912905928836j),(7.689861636147834e-07+0j),(0.004772003472738751+0j)
1291,0.9810449065028668,-1.9587131096200343,33.441552212825684,2.686460778547935,1147303.1799258543,(2294606.359851273+0j),(210.51343904835886+0j),(1.0008101704415826+0j),(0.9991875076944404+0j),(5.387428319785799e-07+0j),(0.004750290549212846+0j)
1292,0.9810552874508374,-1.9602838384507475,33.44082627714949,2.685761421399081,1655249.195558644,(2295251.0315044196+0j),(211.46076249744124+0j),(0.9999961031357686+0.004358834828393221j),(0.9999961031357686-0.004358834828393221j),(3.020693206446758e-07+0j),(0.004729009714115578+0j)
1293,0.9810660499113705,-1.9619164914799012,33.44006361070751,2.6850323142775125,1147945.214530153,(2295890.4290598705+0j),(212.45040029585493+0j),(1.004499334979887+0j),(0.9954999106744993+0j),(1.060257564344719e-06+0j),(0.0047069810111665415+0j)
1294,0.9810772064688738,-1.9636134622932346,33.4392621291634,2.6842721173081325,1148276.4442252277,(2296552.88845002+0j),(213.48442140065026+0j),(0.9999979273402514+0.002861246555159373j),(0.9999979273402514-0.002861246555159373j),(6.605392563774508e-07+0j),(0.004684182543304997+0j)
1295,0.9810887700023035,-1.9653772322544754,33.438419616146575,2.6834794241429387,1148608.472800976,(2297216.9456015164+0j),(214.56501403538792+0j),(1.0040838142337953+0j),(0.9959155172856112+0j),(7.718150978614436e-07+0j),(0.004660592056406499+0j)
1296,0.9811007536811014,-1.9672103732258788,33.437533714184184,2.6826527581668547,89537193.98794347,(2297898.8258724175+0j),(215.6944874444451+0j),(0.9999972929838925+0.002771273656719642j),(0.9999972929838925-0.002771273656719642j),(5.5842714935574925e-09+0j),(0.004636187098881874+0j)
1297,0.9811131709598176,-1.969115550316073,33.43660191497995,2.6817905684455408,2054142.5532433623,(2298579.0399870584+0j),(216.87528502001786+0j),(0.9999977699469318+0.0026138590772887193j),(0.9999977699469318-0.0026138590772887193j),(2.434105652553475e-07+0j),(0.004610944948908318+0j)
1298,0.9811260355713045,-1.9710955246477322,33.43562154899731,2.6808912253999373,1149635.603682702,(2299271.207364969+0j),(218.1099885136973+0j),(1.0032486299438754+0j),(0.9967426784868314+0j),(5.413243111326802e-07+0j),(0.004584842752123811+0j)
1299,0.9811349255416676,-1.972467451926873,33.434935080638795,2.680266082138452,2691180.650888546,(2299722.3047399083+0j),(218.97005944159787+0j),(1.0000006599311628+0.005033682079609991j),(1.0000006599311628-0.005033682079609991j),(1.857920611293532e-07+0j),(0.004566834399865802+0j)
1300,0.9811446631615608,-1.9739736637549188,33.43417465391873,2.6795778658711638,2103864.4330276838,(2300216.9224020997+0j),(219.91862115545567+0j),(1.0000011150331+0.004025125090079441j),(1.0000011150331-0.004025125090079441j),(2.3765789855598025e-07+0j),(0.004547136548722072+0j)
1301,0.9811542229207743,-1.9754559116832668,33.43341940539273,2.6788986644071127,3793409.468664107,(2300694.577731002+0j),(220.85651652236723+0j),(1.0000001878763884+0.00188892449258542j),(1.0000001878763884-0.00188892449258542j),(1.3180754783534864e-07+0j),(0.004527826553394957+0j)
1302,0.9811646916982699,-1.977083154607814,33.4325823654349,2.6781508007754264,1150598.221148608,(2301196.4422967816+0j),(221.89124269410567+0j),(1.0023758977977668+0j),(0.9976276447318205+0j),(6.509329233195453e-07+0j),(0.0045067123328496+0j)
1303,0.9811749667099137,-1.9786844168319742,33.43175059787541,2.6774125948263334,1150842.8036209678,(2301685.607241501+0j),(222.91467296693648+0j),(0.9999991723243928+0.004406455851943737j),(0.9999991723243928-0.004406455851943737j),(4.673490781633863e-07+0j),(0.004486021430031058+0j)
1304,0.9811856180662527,-1.9803486775282944,33.43087759054786,2.6766429320116902,1631231.5399742213,(2302169.635237679+0j),(223.98389546850802+0j),(1.0000002878326484+0.003976587202589815j),(1.0000002878326484-0.003976587202589815j),(3.065168786571823e-07+0j),(0.004464606698167167+0j)
1305,0.9811966580751237,-1.982078360749213,33.429961056672425,2.6758403910106034,2468755.871284925,(2302666.834642442+0j),(225.10115597573213+0j),(0.9999961655713716+0.003927350742079268j),(0.9999961655713716-0.003927350742079268j),(2.0253116390150927e-07+0j),(0.00444244719966499+0j)
1306,0.9812080993228264,-1.9838759784576174,33.428998567580535,2.6750034796084323,6074914.181764698,(2303148.6885395907+0j),(226.2688296301457+0j),(0.9999986526698559+0.004913305609048764j),(0.9999986526698559-0.004913305609048764j),(-8.230568943687674e-08+0j),(0.004419521688592369+0j)
1307,0.9812199546690784,-1.9857441331552201,33.42798754311283,2.674130630619825,1151813.1278877617,(2303626.2557750894+0j),(227.48942339866804+0j),(1.0031558120682567+0j),(0.9968479955976133+0j),(6.034977776437713e-07+0j),(0.004395808759178157+0j)
1308,0.9812322372405999,-1.9876855205256176,33.42692524133372,2.67322019753302,1152052.207216035,(2304104.414431636+0j),(228.76558811935791+0j),(1.0047925400033402+0j),(0.9952140528541914+0j),(8.756209736181097e-07+0j),(0.004371286819061234+0j)
1309,0.9812449604231973,-1.9897029320827018,33.42580874751418,2.672270449854841,1673165.8335465086,(2304587.744641195+0j),(230.10012774458482+0j),(1.0024997101483433+0j),(0.9975010434458714+0j),(2.988346940722695e-07+0j),(0.0043459341365789045+0j)
1310,0.9812537515427237,-1.991100682677458,33.42502765527389,2.6716102203032395,4346353.288432393,(2304906.744704284+0j),(231.0298103953157+0j),(0.9999982220659995+0.0037138178456013375j),(0.9999982220659995-0.0037138178456013375j),(1.1503896872137205e-07+0j),(0.004328445745999362+0j)
1311,0.9812633798344559,-1.9926351348861775,33.42416305855249,2.670883330758963,1152614.255726864,(2305228.511453294+0j),(232.05521277966557+0j),(1.000002288431939+0.0011495583112248818j),(1.000002288431939-0.0011495583112248818j),(4.5378434688717296e-07+0j),(0.004309319269386938+0j)
1312,0.981272831187537,-1.9941450604859094,33.423305006208224,2.670165914341521,1152770.5648081845,(2305541.1296159355+0j),(233.06915050571953+0j),(1.00226914015057+0j),(0.9977343611525745+0j),(4.489043973526883e-07+0j),(0.004290572123412392+0j)
1313,0.9812826300528135,-1.9957143630704346,33.42240555404306,2.669418018031206,7973704.592684744,(2305853.700697731+0j),(234.1281690945964+0j),(1.004196168731031+0j),(0.995803771142362+0j),(-6.270611033906539e-08+0j),(0.0042711648234083155+0j)
1314,0.9812927879079613,-1.9973453260576315,33.42146247924869,2.668638272073363,6552584.614047571,(2306154.8179604327+0j),(235.23445815472246+0j),(1.0000006739383336+0.0031921464529773617j),(1.0000006739383336-0.0031921464529773617j),(7.630576779246654e-08+0j),(0.004251077872888745+0j)
1315,0.9813033165006689,-1.9990403156879117,33.42047342514603,2.667825238985908,1499528.561191875,(2306454.715306849+0j),(236.3903268982401+0j),(0.9999987956505418+0.003582931206588814j),(0.9999987956505418-0.003582931206588814j),(3.3343813044990557e-07+0j),(0.004230291539959203+0j)
1316,0.9813142278450653,-2.0008017835157217,33.419435892315384,2.6669774097089993,1953219.6170458049,(2306742.3494510436+0j),(237.59821490943017+0j),(1.004572346957381+0j),(0.9954257127232139+0j),(2.5598759895534435e-07+0j),(0.004208785829423532+0j)
1317,0.9813255342169617,-2.0026322689181786,33.4183472291039,2.666093199497398,1153512.9175909164,(2307025.8351813992+0j),(238.86069780417435+0j),(1.002435322570579+0j),(0.997556460666695+0j),(7.521885351867694e-07+0j),(0.004186540561874938+0j)
1318,0.9813372481477874,-2.0045344016129016,33.41720462146339,2.665170943533168,1615092.2462917368,(2307277.5878852075+0j),(240.18050005017247+0j),(1.0032847660405735+0j),(0.9967200103692371+0j),(3.0957984050016427e-07+0j),(0.004163535340242918+0j)
1319,0.9813493824170963,-2.0065109041757125,33.416005082071955,2.6642088922394285,2081292.9818367918,(2307541.305080357+0j),(241.5604973861644+0j),(1.0052701811165403+0j),(0.9947199726715671+0j),(2.4023527891722705e-07+0j),(0.004139749714135116+0j)
1320,0.9813619500435037,-2.008564594548085,33.41474543868836,2.6632052062662934,1153879.7359257939,(2307759.471851154+0j),(243.0037391660467+0j),(1.0029664348551226+0j),(0.9970336730154382+0j),(1.1002249917897187e-06+0j),(0.004115163015283091+0j)
1321,0.9813706325238125,-2.0099873535290356,33.41386484382868,2.662507426107857,1153955.913956598,(2307911.8279127628+0j),(244.00921555686742+0j),(1.0059945318536927+0j),(0.9939963788246031+0j),(9.7819345434541e-07+0j),(0.0040982058719047304+0j)
1322,0.9813801407411223,-2.0115491398075127,33.41289070811501,2.6617391427110526,3214289.2605375107,(2308039.8717086427+0j),(245.1182815340798+0j),(1.0000017820727334+0.0020857492663121932j),(1.0000017820727334-0.0020857492663121932j),(-1.5555538393467408e-07+0j),(0.004079663066065669+0j)
1323,0.9813894731126717,-2.013085839232436,33.411924555329506,2.66098081858353,2088233.7548339907,(2308163.9737787973+0j),(246.21501399461596+0j),(1.004404839958719+0j),(0.9955951122619885+0j),(2.3943679621239404e-07+0j),(0.004061490742485629+0j)
1324,0.9813991474506888,-2.014682838296571,33.41091242248247,2.6601902202236856,1154139.508538392,(2308279.0170763507+0j),(247.36057841878338+0j),(0.9999960596618718+0.005385379681327274j),(0.9999960596618718-0.005385379681327274j),(5.34106377966049e-07+0j),(0.00404268136170359+0j)
1325,0.9814091749511592,-2.016342444700085,33.409851882937694,2.6593658925416213,1154179.9946470815,(2308359.98929373+0j),(248.55735249684227+0j),(1.006224338462212+0j),(0.9937799380940576+0j),(7.106644214996349e-07+0j),(0.004023216332018427+0j)
1326,0.9814195670644031,-2.0180670488385632,33.40874036638654,2.6585063081152747,1154217.7300173473,(2308435.4600342615+0j),(249.80784196230678+0j),(1.002436427844962+0j),(0.9975679938552091+0j),(6.096066518419389e-07+0j),(0.004003076893602583+0j)
1327,0.9814303354905657,-2.0198591261906533,33.40757514945469,2.6576098630483207,37375401.21143119,(2308499.5791732837+0j),(251.1146951948185+0j),(0.9999981009848887+0.010005742290022785j),(0.9999981009848887-0.010005742290022785j),(1.3377782814196951e-08+0j),(0.00398224404680129+0j)
1328,0.9814414921738621,-2.0217212397094464,33.40635334565616,2.656674872548522,2173035.018922776,(2308532.6042425754+0j),(252.48071098679026+0j),(1.0018660876624423+0j),(0.9981303568890229+0j),(2.300929325326235e-07+0j),(0.003960698605839676+0j)
1329,0.9814530492954555,-2.0236560422080667,33.405071894643825,2.655699566203757,2742802.7201862833,(2308538.6627754625+0j),(253.9088457984451+0j),(0.9999986683174269+0.008018137717039638j),(0.9999986683174269-0.008018137717039638j),(1.8229528369654603e-07+0j),(0.003938421274164191+0j)
1330,0.9814650192648372,-2.0256662787289925,33.40372755070979,2.6546820829307123,1998318.556650956,(2308514.2292118045+0j),(255.40222656014586+0j),(0.9999998546489395+0.0019002855127457138j),(0.9999998546489395-0.0019002855127457138j),(2.502103572705629e-07+0j),(0.003915392647395704+0j)
1331,0.9814774147095701,-2.0277547888842475,33.40231687047955,2.653620465571546,1154228.4724304643,(2308456.9448604956+0j),(256.96416149907475+0j),(1.0000010816370795+0.002976298916615907j),(1.0000010816370795-0.002976298916615907j),(6.491738667848331e-07+0j),(0.0038915932640466236+0j)
1332,0.9814859770305229,-2.0292015310656835,33.40133129393232,2.6528823501890395,1220686.522631823,(2308399.8283187943+0j),(258.0523985903876+0j),(1.0019392097537572+0j),(0.998062092114197+0j),(4.0960557090617707e-07+0j),(0.0038751819609344194+0j)
1333,0.9814953525251169,-2.0307895124144935,33.400241590590355,2.6520695988497494,20327043.369222544,(2308323.426308481+0j),(259.25281395176773+0j),(0.9999977785598683+0.008115395887951488j),(0.9999977785598683-0.008115395887951488j),(2.4597773070974853e-08+0j),(0.00385723874991586+0j)
1334,0.9815045534671265,-2.032351850926383,33.39916139103414,2.651267324455656,1154118.426529862,(2308236.853059291+0j),(260.4399457428691+0j),(0.9999907478539187+0.0029196138713380236j),(0.9999907478539187-0.0029196138713380236j),(4.442229082725295e-07+0j),(0.0038396567666910348+0j)
1335,0.9815140903379989,-2.0339753523486,33.39803038249507,2.650430843222037,1154047.3173733735,(2308094.634746314+0j),(261.6800051796868+0j),(1.0045695645267523+0j),(0.9954318006873553+0j),(7.637902333539318e-07+0j),(0.0038214612511519625+0j)
1336,0.9815239740324792,-2.035662345066831,33.39684592367695,2.649558607774175,1153968.1399750374,(2307936.279949642+0j),(262.97556927301935+0j),(1.0076413694126067+0j),(0.9923687595021105+0j),(8.656766350976677e-07+0j),(0.0038026346051010917+0j)
1337,0.9815342156831489,-2.037415239781052,33.39560521930412,2.6486489933980684,1153885.3434360356,(2307770.6868716376+0j),(264.32936044264284+0j),(1.0032231930495192+0j),(0.9967719297829524+0j),(4.957631325679845e-07+0j),(0.003783159004066874+0j)
1338,0.981544826654938,-2.0392365317689554,33.394305310182474,2.647700293580055,1153772.7821005557,(2307545.564200678+0j),(265.74425794337196+0j),(1.006009495653524+0j),(0.9939988626198191+0j),(5.368581952981367e-07+0j),(0.0037630163968244822+0j)
1339,0.9815558185383273,-2.041128803137488,33.39294306257082,2.646710715242458,4746808.993138686,(2307307.5618019365+0j),(267.22329667900146+0j),(0.9999980239384474+0.006143168305533069j),(0.9999980239384474-0.006143168305533069j),(-1.0533392026574794e-07+0j),(0.00374218869544388+0j)
1340,0.9815672031411198,-2.0430947250524496,33.39151515681834,2.6456783736492495,7324848.725469835,(2307019.92437224+0j),(268.7696906462375+0j),(0.9999964222954734+0.009302358606153733j),(0.9999964222954734-0.009302358606153733j),(6.826079537471008e-08+0j),(0.003720657629183882+0j)
1341,0.9815789924786428,-2.045137059932173,33.390018075213106,2.6446012869585633,1153341.3866023363,(2306682.773204239+0j),(270.3868360903616+0j),(1.003458049012245+0j),(0.996537239939105+0j),(7.214030640222186e-07+0j),(0.003698404901920957+0j)
1342,0.9815911987622384,-2.047258663591881,33.38844808898544,2.643477370390726,1716264.9699551596,(2306300.293282599+0j),(272.07832621802817+0j),(1.0028586757364601+0j),(0.9971345521599311+0j),(2.9133030665603215e-07+0j),(0.003675412201731964+0j)
1343,0.9815996291543935,-2.0487281768643735,33.387351786338,2.6426958737034187,2514387.5183368456,(2305999.678248291+0j),(273.2568930063984+0j),(1.000003197613789+0.00503457334310081j),(1.000003197613789-0.00503457334310081j),(1.9885558465178324e-07+0j),(0.0036595600169182447+0j)
1344,0.981608859000432,-2.0503410074069888,33.38614019471546,2.6418352915545738,1152833.11935331,(2305666.2387061864+0j),(274.5570088915339+0j),(1.0077777289544276+0j),(0.9922243917410962+0j),(4.907200913284502e-07+0j),(0.003642230821357264+0j)
1345,0.9816179157877889,-2.0519276449749775,33.384939713992104,2.640985738389543,1253341.4314678293,(2305314.4317731876+0j),(275.84279955968907+0j),(1.009409425764908+0j),(0.9905913245409563+0j),(3.9893359259217433e-07+0j),(0.0036252532296736587+0j)
1346,0.981627301959384,-2.0535762394441432,33.383683334618695,2.6400998943808505,1152459.9449735237,(2304919.8899466135+0j),(277.1859778458584+0j),(1.0056849302693203+0j),(0.9943200023021901+0j),(6.947493138724222e-07+0j),(0.0036076861022235444+0j)
1347,0.9816370280881869,-2.055289135744532,33.3823681893018,2.6391761122524295,1152247.7308283034,(2304495.4616561728+0j),(278.58934404174784+0j),(1.0089973691301448+0j),(0.9910010023963649+0j),(5.888791581906482e-07+0j),(0.0035895127412325072+0j)
1348,0.9816471049676141,-2.057068760450452,33.380991245941814,2.6382126619432027,1152015.4335610378,(2304030.8671216415+0j),(280.05585579785156+0j),(1.0049067950682729+0j),(0.9950804258254696+0j),(6.633991764156583e-07+0j),(0.003570716267073991+0j)
1349,0.9816575436050096,-2.0589176238961904,33.37954929711816,2.6372077257971487,1151747.441333001,(2303494.882665568+0j),(281.5886380545121+0j),(1.0000015581443442+0.0033801233361247054j),(1.0000015581443442-0.0033801233361247054j),(5.114700347057168e-07+0j),(0.003551279650024368+0j)
1350,0.9816683552137555,-2.060838322263277,33.37803894885597,2.6361593934233642,1151461.717320557,(2302923.4346406795+0j),(283.1909876748325+0j),(0.9999999407359417+0.0071101691534425065j),(0.9999999407359417-0.0071101691534425065j),(4.5370291350005037e-07+0j),(0.0035311858198818287+0j)
1351,0.9816795512038793,-2.062833539625755,33.376456608619144,2.6350656561994956,1151146.5445220147,(2302293.089043595+0j),(284.86639397827855+0j),(1.0077206286583889+0j),(0.9922773937738997+0j),(6.62174678744794e-07+0j),(0.003510417589163564+0j)
1352,0.9816911431710161,-2.0649060499390077,33.374798472479696,2.6339244013883745,1150797.1379528285,(2301594.2759052226+0j),(286.61854611102336+0j),(1.0049977068905827+0j),(0.9950058805741455+0j),(5.709785852510297e-07+0j),(0.0034889577577806676+0j)
1353,0.981703142883583,-2.067058718955433,33.37306051140076,2.6327334058396383,1150409.6571726662,(2300819.314344898+0j),(288.45134735247433+0j),(1.0000090410160183+0.002060437589546552j),(1.0000090410160183-0.002060437589546552j),(5.453743717997624e-07+0j),(0.0034667891454988665+0j)
1354,0.9817114292744906,-2.068549580075023,33.371847460779435,2.6319051943822984,1150138.2104305485,(2300276.420860662+0j),(289.72842864259314+0j),(1.0072510481615462+0j),(0.9927552928327644+0j),(5.832909705501283e-07+0j),(0.00345150803696947+0j)
1355,0.9817205002089385,-2.0701856802696383,33.37050735513806,2.6309931011960863,1149826.4421533863,(2299652.8843063377+0j),(291.13727334472844+0j),(1.0042354093455834+0j),(0.9957619286895897+0j),(5.836092142641577e-07+0j),(0.003434805816940559+0j)
1356,0.981729399780027,-2.0717950449959286,33.36918005816714,2.630092626553674,1149503.2635172484,(2299006.527034062+0j),(292.53064796320825+0j),(1.007697977026201+0j),(0.9923011920662428+0j),(8.377356397036656e-07+0j),(0.003418445236283707+0j)
1357,0.9817391391042954,-2.0735610305589174,33.36771318768766,2.6291007431525495,1149135.8573238454,(2298271.714647256+0j),(294.0682981694266+0j),(1.003681839439029+0j),(0.9963158464865682+0j),(4.784228502804545e-07+0j),(0.0034005705688661095+0j)
1358,0.9817486915291896,-2.075297989565721,33.36625977753923,2.628121281187247,4451759.885316137,(2297521.4428693326+0j),(295.5895893234807+0j),(0.9999979992769897+0.0037684800314675268j),(0.9999979992769897-0.0037684800314675268j),(1.1231513219058068e-07+0j),(0.003383069079921023+0j)
1359,0.9817585868546694,-2.0771024083359477,33.36473870093258,2.6270996723218767,1148350.3700886315,(2296700.7401768276+0j),(297.17939312218533+0j),(1.001518315415926+0j),(0.9984866598059948+0j),(7.545275890193074e-07+0j),(0.003364970866499028+0j)
1360,0.9817688357042059,-2.078976806583438,33.36314648861214,2.6260339781200397,1609650.8406510763,(2295841.5132654114+0j),(298.84109824576797+0j),(0.9999914965177883+0.008907134636332583j),(0.9999914965177883-0.008907134636332583j),(3.1062637149172474e-07+0j),(0.0033462599550724225+0j)
1361,0.9817794488866246,-2.08092378849056,33.36147947214778,2.6249221606751085,8263003.443335097,(2294864.1928719115+0j),(300.5782930303795+0j),(1.0006471811042252+0j),(0.9993724304672674+0j),(-6.051068517989057e-08+0j),(0.003326920217364203+0j)
1362,0.9817904373854884,-2.0829460445382777,33.359733771261844,2.6237620766738345,1146930.180254824,(2293860.360509212+0j),(302.3947580310837+0j),(1.005316994087553+0j),(0.9946771064357011+0j),(7.283407540319815e-07+0j),(0.003306935631105733+0j)
1363,0.9818018123467485,-2.0850463532552665,33.357905280285856,2.6225514710359894,1146375.8315487884,(2292751.6630971404+0j),(304.2945037295113+0j),(0.9999985429534572+0.007241356648210106j),(0.9999985429534572-0.007241356648210106j),(4.469419924032634e-07+0j),(0.0032862900504142044+0j)
1364,0.9818135850645228,-2.087227582867342,33.35598965369701,2.6212879701043192,3633690.3242455665,(2291556.522552495+0j),(306.2817661691291+0j),(0.9999982616794312+0.002261532762715681j),(0.9999982616794312-0.002261532762715681j),(1.3760115898258898e-07+0j),(0.003264967459590804+0j)
1365,0.9818217132914449,-2.0887380355265925,33.35465312540614,2.6204092597468858,1312413.74659162,(2290700.427328664+0j),(307.6665191292056+0j),(1.0029910811379101+0j),(0.997004207552707+0j),(3.8097741760065257e-07+0j),(0.003250272414486789+0j)
1366,0.9818306097544569,-2.090395457500619,33.35317710309048,2.6194414780392927,4094381.507060982,(2289735.237718177+0j),(309.1941834525694+0j),(0.9999969149118868+0.006005767851207167j),(0.9999969149118868-0.006005767851207167j),(1.2211856641539888e-07+0j),(0.0032342134927217416+0j)
1367,0.9818393367853712,-2.0920256122774563,33.35171569045696,2.6184859473276694,1144377.0558795622,(2288754.1117586875+0j),(310.7051112354821+0j),(0.9999979304515336+0.00609688040008473j),(0.9999979304515336-0.00609688040008473j),(4.5843077856591004e-07+0j),(0.0032184858369621538+0j)
1368,0.9818488857270469,-2.093814200613556,33.35010117104304,2.617433330780405,1143821.1655601093,(2287642.3311197814+0j),(312.372529393169+0j),(1.006926059666647+0j),(0.9930778680509998+0j),(5.721206179268832e-07+0j),(0.0032013058317554915+0j)
1369,0.9818582498232671,-2.09557317441942,33.34850204546786,2.6163938058004694,1143257.317575076,(2286514.6351497145+0j),(314.0222494729048+0j),(1.000007028692242+0.002065257740043718j),(1.000007028692242-0.002065257740043718j),(7.675399108574472e-07+0j),(0.003184487728707393+0j)
1370,0.9818679483745504,-2.0974002340839504,33.34682907373836,2.6153094539044774,1142666.7919290299,(2285333.583857622+0j),(315.74630490872573+0j),(0.9999965379148534+0.005125167687755284j),(0.9999965379148534-0.005125167687755284j),(4.4777893597228107e-07+0j),(0.0031670996127288772+0j)
1371,0.981877991595195,-2.099297902445699,33.3450785113575,2.614178205616649,1954107.4847441164,(2284044.583803653+0j),(317.5483795333128+0j),(1.0000012284076931+0.005966838061755419j),(1.0000012284076931-0.005966838061755419j),(2.5587128850566066e-07+0j),(0.0031491264464131763+0j)
1372,0.9818883898629679,-2.1012687849993474,33.3432464014442,2.6129978846580393,1397273.6400312814,(2282671.6526884604+0j),(319.43235936838346+0j),(1.0000012141958101+0.0007613767834798757j),(1.0000012141958101-0.0007613767834798757j),(3.5783971419432937e-07+0j),(0.003130553216397181+0j)
1373,0.9818991537071786,-2.1033155714752647,33.3413285613612,2.6117662015252154,1452014.5852076032,(2281208.866260358+0j),(321.402353923112+0j),(1.0082666521059669+0j),(0.9917269453939335+0j),(3.4434915812403585e-07+0j),(0.0031113648912535472+0j)
1374,0.9819102937949463,-2.1054410373118593,33.33932056844222,2.610480746613165,1927427.6649324743,(2279630.1182163293+0j),(323.4627100696796+0j),(1.0076625562113886+0j),(0.992335900570265+0j),(2.594131074784333e-07+0j),(0.0030915464715859666+0j)
1375,0.9819218209154963,-2.1076480449982333,33.337217744751015,2.609138982844729,4842266.700970326,(2277952.7591022253+0j),(325.6180231379926+0j),(0.9999918617525256+0.009303837855510392j),(0.9999918617525256-0.009303837855510392j),(1.0325742691946561e-07+0j),(0.0030710830756062553+0j)
1376,0.9819297780681338,-2.109176138541601,33.33575111928701,2.6082057583323417,1433010.9883437024,(2276751.345249314+0j),(327.11989926712704+0j),(0.9999917248935348+0.00980061043658226j),(0.9999917248935348-0.00980061043658226j),(3.4891567759572385e-07+0j),(0.00305698308862242+0j)
1377,0.981938485865862,-2.11085271926645,33.33413189862335,2.60717785522166,1137692.623179425,(2275385.2463584105+0j),(328.7767951510834+0j),(1.0000033365880578+0.006477696208501336j),(1.0000033365880578-0.006477696208501336j),(5.900897711307236e-07+0j),(0.003041577187891327+0j)
1378,0.9819470263677077,-2.1125015134178926,33.332529190019784,2.6061628808281387,1341807.6461010657,(2274028.9019406196+0j),(330.41555490182367+0j),(1.0000029844720684+0.007761971550047148j),(1.0000029844720684-0.007761971550047148j),(3.7263165212460647e-07+0j),(0.003026491898417955+0j)
1379,0.9819563695450367,-2.1143103181067495,33.33075912248275,2.605044685316754,2579219.1842018613,(2272511.965960752+0j),(332.2240621094567+0j),(0.9999984332899077+0.0012329149199840732j),(0.9999984332899077-0.0012329149199840732j),(-1.93857118876364e-07+0j),(0.0030100167748425815+0j)
1380,0.9819655301507395,-2.1160889322876875,33.32900649166286,2.6039402991037743,2311193.77940967,(2270968.1835009465+0j),(334.0133903009554+0j),(1.000003119780561+0.008713715236274143j),(1.000003119780561-0.008713715236274143j),(2.1633841543469994e-07+0j),(0.0029938919487007176+0j)
1381,0.9819750161417692,-2.117936137371603,33.32717351098326,2.602788185715256,1134678.517996999,(2269357.0359935574+0j),(335.88335769859845+0j),(0.9999878436572831+0.002624418929760435j),(0.9999878436572831-0.002624418929760435j),(5.19516457777145e-07+0j),(0.0029772240186994228+0j)
1382,0.9819848372961858,-2.1198544522053555,33.32525614692645,2.6015861334342967,1133796.4436210894,(2267592.887241738+0j),(337.8379600760322+0j),(1.0101300870379997+0j),(0.9898780371509359+0j),(7.988278703869416e-07+0j),(0.002959998928972245+0j)
1383,0.9819950035322969,-2.1218464759910525,33.323250139790694,2.6003318157555,1909278.3792816638,(2265746.9143971326+0j),(339.88140658166253+0j),(0.9999994547310589+0.010258673663478627j),(0.9999994547310589-0.010258673663478627j),(2.618790457304353e-07+0j),(0.0029422027231931704+0j)
1384,0.9820055248953451,-2.12391488957793,33.321150989602785,2.5990227844354274,3210310.441544813,(2263776.212998337+0j),(342.0181536898655+0j),(0.999997159545805+0.004887387113897968j),(0.999997159545805-0.004887387113897968j),(1.5574817735054007e-07+0j),(0.00292382140896793+0j)
1385,0.9820164115422986,-2.1260624566158257,33.31895394108927,2.5976564620518863,1356768.6993333583,(2261662.3591516726+0j),(344.25291087306033+0j),(1.0039011833546858+0j),(0.9961048179977565+0j),(3.68522652568371e-07+0j),(0.0029048410874534343+0j)
1386,0.98202767372457,-2.1282920245463046,33.31665396763944,2.596230134023396,1129705.8456709455,(2259411.6913414486+0j),(346.59065729751256+0j),(1.0097138475030878+0j),(0.99030023806756+0j),(7.837028662537635e-07+0j),(0.0028852479977075763+0j)
1387,0.9820354463739539,-2.129835504050326,33.31505033467663,2.5952380009085436,1128911.271703156,(2257822.543405869+0j),(348.219649225429+0j),(1.009199169141089+0j),(0.9908141012810209+0j),(5.598794208237304e-07+0j),(0.002871750638426933+0j)
1388,0.9820439507365925,-2.131528743951513,33.31328031561284,2.594145125045536,1128029.323791992,(2256058.6475835405+0j),(350.0167697922949+0j),(1.0071119328859564+0j),(0.992881568099293+0j),(7.974993351519229e-07+0j),(0.002857005967387655+0j)
1389,0.9820522901469916,-2.133193693049651,33.311528818401214,2.5930659053442984,1127135.5428547917,(2254271.0857091397+0j),(351.7942096589151+0j),(1.0083349322576864+0j),(0.9916638722830466+0j),(5.766305690614456e-07+0j),(0.002842570947892068+0j)
1390,0.9820614115409582,-2.1350199583359717,33.30959496184948,2.5918768280176385,1126137.9811382687,(2252275.9622760937+0j),(353.75574444735855+0j),(1.0088185933465506+0j),(0.9911779475548643+0j),(4.7643776706637625e-07+0j),(0.0028268092199786143+0j)
1391,0.9820703528593322,-2.136815472019356,33.3076807009943,2.590702330043965,1351423.6433189267,(2250261.4420639314+0j),(355.69645533218886+0j),(1.0000050282804016+0.004891243400815971j),(1.0000050282804016-0.004891243400815971j),(3.6998020751814826e-07+0j),(0.0028113859022707286+0j)
1392,0.9820796098357812,-2.1386799430064265,33.305679250794974,2.589476963889936,1124081.8813288675,(2248163.7626572903+0j),(357.7246006296777+0j),(0.9999852260286112+0.005450546386190073j),(0.9999852260286112-0.005450546386190073j),(6.214428705041783e-07+0j),(0.0027954465480781302+0j)
1393,0.9820891917830628,-2.140615878088793,33.30358627467401,2.588198363388395,1122939.9885900174,(2245879.9771795897+0j),(359.8445068864462+0j),(1.0066751277346742+0j),(0.9933358438737833+0j),(4.490768018204704e-07+0j),(0.0027789780888275556+0j)
1394,0.9820991081294925,-2.142625861567272,33.301397195500506,2.5868640388905053,3025566.699733454,(2243499.5707979426+0j),(362.0607288191132+0j),(1.006002374810596+0j),(0.9939918403237531+0j),(1.6525829691477718e-07+0j),(0.002761967593840344+0j)
1395,0.9821093684041552,-2.144712556213462,33.29910718076856,2.5854713697450906,1120477.0315057915,(2240954.063011137+0j),(364.3780900045011+0j),(1.0057511916207866+0j),(0.9942482480230875+0j),(6.210852780167713e-07+0j),(0.0027444021125176718+0j)
1396,0.9821199822201163,-2.1468787040594313,33.296711126797334,2.5840175962418233,1119126.5253584941,(2238253.0507165417+0j),(366.8016824869245+0j),(1.0000004964712779+0.00950033390668646j),(1.0000004964712779-0.00950033390668646j),(5.104936731751672e-07+0j),(0.002726268846938405+0j)
1397,0.9821309592554538,-2.1491271269876684,33.29420364188136,2.5824998109668993,1862796.158517193,(2235369.9450630145+0j),(369.33689274990707+0j),(1.0000107695070781+0.003144784317902743j),(1.0000107695070781-0.003144784317902743j),(2.684136950325481e-07+0j),(0.0027075551335657834+0j)
1398,0.982138533363993,-2.150683396974921,33.29245580937265,2.5814439625780388,2394674.3795671,(2233366.493432031+0j),(371.10343003869536+0j),(0.9999950532562466+0.0028302094758016413j),(0.9999950532562466-0.0028302094758016413j),(2.0879665488817308e-07+0j),(0.002694666551169732+0j)
1399,0.98214681884647,-2.152390419926205,33.29052708421045,2.5802808078316986,1645364.1759765807,(2231103.6347334124+0j),(373.05224484593225+0j),(1.0057547946905123+0j),(0.9942379110779527+0j),(3.038840928351189e-07+0j),(0.002680589686324048+0j)
1400,0.9821553975790945,-2.1541629419734547,33.2885114678984,2.5790674091623096,1114349.074459781,(2228698.148919113+0j),(375.0882734335603+0j),(1.0059085139575523+0j),(0.9941060111196072+0j),(6.625035101953438e-07+0j),(0.0026660390921590424+0j)
1401,0.9821638066301507,-2.155905457630135,33.28651711385745,2.5778689291947723,1113151.6755199346,(2226303.35103942+0j),(377.10227362398143+0j),(1.0103354997378484+0j),(0.9896823314233347+0j),(6.909070506658934e-07+0j),(0.002651800505910603+0j)
1402,0.9821725122069138,-2.157714726789784,33.284432798698376,2.576618586123703,1111891.8357942537,(2223783.6715880577+0j),(379.2065744287994+0j),(1.0000016652863155+0.00637346709149796j),(1.0000016652863155-0.00637346709149796j),(5.132298885586699e-07+0j),(0.0026370850809229753+0j)
1403,0.9821815230219679,-2.1595931618187705,33.28225410952223,2.575313971409102,1110553.2477492068,(2221106.4954979634+0j),(381.4056003400527+0j),(1.007310655385619+0j),(0.9926958878611429+0j),(6.424170237567271e-07+0j),(0.00262188074611916+0j)
1404,0.9821908478915865,-2.1615432483752874,33.279976392580885,2.5739525511740764,3481180.059297802,(2218287.7589529864+0j),(383.70401669842454+0j),(0.9999947848917697+0.012352351028922771j),(0.9999947848917697-0.012352351028922771j),(-1.4362945652999824e-07+0j),(0.0026061754802365056+0j)
1405,0.9822004957212991,-2.1635675461751305,33.277594738665485,2.57253165860564,1107645.6727336694,(2215291.3454668876+0j),(386.10675225894664+0j),(1.0114404234344863+0j),(0.9885481121889028+0j),(6.272735164137018e-07+0j),(0.002589957295890995+0j)
1406,0.9822104754895254,-2.1656686895777977,33.27510396754349,2.571048485814565,1716102.218458283,(2212111.097071111+0j),(388.61900964987683+0j),(0.9999990741382336+0.003067955345051958j),(0.9999990741382336-0.003067955345051958j),(2.913579358047995e-07+0j),(0.0025732143182807784+0j)
1407,0.9822207962290969,-2.167849387963002,33.27249861137472,2.5695000751085777,1104377.2950089667,(2208754.590017481+0j),(391.24628402204775+0j),(1.0053378226928038+0j),(0.9946504960417318+0j),(6.30504434516314e-07+0j),(0.0025559348186518275+0j)
1408,0.9822314670064833,-2.170112425866412,33.269772897044376,2.5678833096293996,1102589.3499470968,(2205178.69989374+0j),(393.9943863620708+0j),(1.009655725560349+0j),(0.990349252540659+0j),(5.574511508074619e-07+0j),(0.0025381072284821754+0j)
1409,0.9822424968985266,-2.172460662837832,33.26692072733851,2.5661949033033418,1415203.005223101,(2201399.6036261786+0j),(396.86945550074546+0j),(1.0000015412607293+0.007820977647025754j),(1.0000015412607293-0.007820977647025754j),(3.533062028236998e-07+0j),(0.0025197202408588524+0j)
1410,0.9822501038424074,-2.174085563158239,33.26493281843676,2.565020091585094,1103970.596095981,(2198746.2614162425+0j),(398.87304251803886+0j),(0.9999926620319405+0.00655154975367382j),(0.9999926620319405-0.00655154975367382j),(4.5291061353289135e-07+0j),(0.0025070633845333374+0j)
1411,0.9822584218142789,-2.1758674316609903,33.262739342737696,2.5637256260291323,1097884.9332151632,(2195769.866429871+0j),(401.0835814865988+0j),(1.0107556623414362+0j),(0.9892405930740605+0j),(8.784602161426631e-07+0j),(0.0024932459121930826+0j)
1412,0.9822665732363491,-2.177618815790191,33.26056952405159,2.5624469654013033,8548390.302151375,(2192816.4808328357+0j),(403.27006010825136+0j),(0.9999890147236997+0.00770503207345341j),(0.9999890147236997-0.00770503207345341j),(5.849054410561561e-08+0j),(0.002479727852154941+0j)
1413,0.9822750099608389,-2.1794369548170205,33.25830237260831,2.5611128555776475,2231602017.9666696,(2189689.0026741885+0j),(405.55441705055506+0j),(0.9999872314931224+0.011446014090508863j),(0.9999872314931224-0.011446014090508863j),(-2.2405428744663727e-10+0j),(0.002465760346693553+0j)
1414,0.9822837401766518,-2.1813242307843295,33.2559331535087,2.5597207123623296,4891302.553039381,(2186384.4722419623+0j),(407.9414261183006+0j),(0.9999879475429538+0.007985714236013085j),(0.9999879475429538-0.007985714236013085j),(-1.0222225973106342e-07+0j),(0.002451332313871856+0j)
1415,0.9822927721492959,-2.1832830951427455,33.253456876154445,2.5582678164150785,1091449.7205983764,(2182899.4411962945+0j),(410.4361224323935+0j),(0.9999849011640431+0.00820323553272842j),(0.9999849011640431-0.00820323553272842j),(6.058966883732124e-07+0j),(0.002436432724427266+0j)
1416,0.9823021142048562,-2.1853160691203173,33.25086827892154,2.556751305014526,1089596.504593761,(2179193.009187063+0j),(413.0438211544894+0j),(1.005245632575554+0j),(0.9947553780249669+0j),(7.326568085622819e-07+0j),(0.0024210506216608032+0j)
1417,0.9823117747119217,-2.1874257438729487,33.248161812844586,2.555168163235857,1087648.3732979672,(2175296.746595475+0j),(415.77012666995574+0j),(1.0000010833113375+0.00492178934481716j),(1.0000010833113375-0.00492178934481716j),(6.309031252122294e-07+0j),(0.0024051752058343655+0j)
1418,0.9823217620612823,-2.189614780384164,33.24533162424986,2.5535152144868514,1085587.9380146682,(2171175.876028876+0j),(418.6209608047476+0j),(1.0078053479821505+0j),(0.9922006267430633+0j),(5.0103674528658e-07+0j),(0.002388795816806631+0j)
1419,0.9823320846432093,-2.191885909077585,33.24237153627019,2.551789110356676,2430443.3831532565,(2166822.467449896+0j),(421.6025755114846+0j),(1.0000003683127128+0.010071523526332407j),(1.0000003683127128-0.010071523526332407j),(2.057237800583206e-07+0j),(0.0023719020188276247+0j)
1420,0.9823427508221008,-2.1942419291016497,33.23927502916703,2.549986319715247,3377381.1774474443,(2162196.10654673+0j),(424.72157776907545+0j),(1.0000129639110238+0.008161371156560742j),(1.0000129639110238-0.008161371156560742j),(1.4804369827687047e-07+0j),(0.0023544836249193546+0j)
1421,0.9823501046390042,-2.1958718456995623,33.237117363798426,2.5487317984301407,1104742.2260287283,(2158970.573130941+0j),(426.89492511029346+0j),(0.9999984076411026+0.007856977979217512j),(0.9999984076411026-0.007856977979217512j),(4.5259426879832165e-07+0j),(0.0023424968093417524+0j)
1422,0.9823581436612208,-2.197658865191294,33.23473708573778,2.5473493914487557,4152939.680324328,(2155338.3187929364+0j),(429.29253535520957+0j),(1.0000169792233486+0.01280888918451752j),(1.0000169792233486-0.01280888918451752j),(1.2039664394089134e-07+0j),(0.002329413902302319+0j)
1423,0.982366019498649,-2.1994149522332247,33.23238299774509,2.5459837472455273,1075877.3474431261,(2151754.6948857876+0j),(431.66380952583245+0j),(1.0089859816094953+0j),(0.9910228587025487+0j),(8.434363401225006e-07+0j),(0.0023166176499394746+0j)
1424,0.9823746255348248,-2.2013399498939226,33.22978527144022,2.5444785034726563,1073878.5711280135,(2147757.1422555614+0j),(434.28057618299994+0j),(1.009946519481323+0j),(0.9900484452734787+0j),(5.29665717663201e-07+0j),(0.002302658822041262+0j)
1425,0.9823830531413525,-2.203231260910395,33.22721535721709,2.5429911162633365,1261809.4963568102,(2143766.9135354813+0j),(436.8694238981486+0j),(1.0066263837203304+0j),(0.9933541601297508+0j),(3.9625632985305276e-07+0j),(0.002289013479313097+0j)
1426,0.9823917692742257,-2.2051938609229516,33.224529951810275,2.5414386776194826,1069765.258791509,(2139530.5175825506+0j),(439.57473898676733+0j),(1.0051204818492634+0j),(0.9948916796648339+0j),(5.749114488375497e-07+0j),(0.0022749259939268286+0j)
1427,0.9824007816376759,-2.2072302195072218,33.22172342613956,2.5398181113560945,1067545.911400673,(2135091.8228008775+0j),(442.4022254335557+0j),(1.010918458763696+0j),(0.9890803104732354+0j),(6.844483237586759e-07+0j),(0.002260386459427074+0j)
1428,0.9824100979458488,-2.2093428706118385,33.218789847051795,2.538126176972715,1301811.0976573734,(2130416.599933057+0j),(445.357904556694+0j),(0.999985990442235+0.009820539250809283j),(0.999985990442235-0.009820539250809283j),(3.8408030235710117e-07+0j),(0.0022453850931317882+0j)
1429,0.9824197259005369,-2.2115344119208507,33.215722959181534,2.536359459395639,1105330.8802025598,(2125417.685936855+0j),(448.44813188058396+0j),(1.0077017197567184+0j),(0.9923447116288869+0j),(4.523532355383699e-07+0j),(0.002229912288413818+0j)
1430,0.9824296731663618,-2.2138075038799867,33.2125161656659,2.534514357970508,1371727.1810041019,(2120207.055336779+0j),(451.6795988739415+0j),(1.0075084228852935+0j),(0.9925083619300735+0j),(3.64503967643236e-07+0j),(0.0022139587497694503+0j)
1431,0.9824399473431721,-2.216164868339515,33.20916250763538,2.53258707464302,1057355.041549722,(2114710.0830989713+0j),(455.0593815991684+0j),(1.002915222453522+0j),(0.9970582715199018+0j),(7.195793118792154e-07+0j),(0.0021975154022745823+0j)
1432,0.9824470283688346,-2.217795297503858,33.20682620954682,2.531245797496262,1055392.9607701215,(2110785.9215397695+0j),(457.4140886114203+0j),(1.003195877932162+0j),(0.9968481109808905+0j),(6.317032463320888e-07+0j),(0.0021862028846969463+0j)
1433,0.9824547667923901,-2.2195824833978017,33.20424938641307,2.529767673060608,1053250.7369732328,(2106501.473945991+0j),(460.01141365176295+0j),(1.0000002230969884+0.00934369875786161j),(1.0000002230969884-0.00934369875786161j),(5.964140015301585e-07+0j),(0.002173859105084443+0j)
1434,0.9824627705690088,-2.2214369259682254,33.20155788358391,2.5282251076750066,1050987.6069229376,(2101975.213845399+0j),(462.7245663249512+0j),(0.9999913406347444+0.007513872985768048j),(0.9999913406347444-0.007513872985768048j),(5.994843241618559e-07+0j),(0.002161112836382194+0j)
1435,0.982470607509928,-2.2232586539571417,33.198896173317394,2.526700918739607,1145827.249431121,(2097455.577234322+0j),(465.40792881032456+0j),(0.99999027572165+0.005850120216395558j),(0.99999027572165-0.005850120216395558j),(4.363659532868804e-07+0j),(0.0021486526939082018+0j)
1436,0.9824787118050855,-2.2251487710838296,33.19611586899324,2.5251101510276683,1170664.5081646587,(2092717.9121675217+0j),(468.21111002222307+0j),(1.0073111472010863+0j),(0.9926353747477562+0j),(4.271078490147274e-07+0j),(0.0021357887042770707+0j)
1437,0.982487090497529,-2.2271096223807016,33.19321126410989,2.5234496636340564,1043848.5254414511,(2087697.0508824233+0j),(471.1399061522034+0j),(1.0049217301918978+0j),(0.9950430587443749+0j),(6.919712642701759e-07+0j),(0.0021225117781529944+0j)
1438,0.982495750627203,-2.2291436117044463,33.19017634887201,2.521716148580059,1041204.3300428898,(2082408.6600852995+0j),(474.20041661289+0j),(0.9999926856611427+0.010884542575642678j),(0.9999926856611427-0.010884542575642678j),(4.929160290496501e-07+0j),(0.0021088129933006113+0j)
1439,0.982504699209064,-2.2312532008499693,33.187004792412985,2.5199061204484012,1479073.8358300922,(2076816.5168802636+0j),(477.3990713248404+0j),(1.0000206657857724+0.009849931819339672j),(1.0000206657857724-0.009849931819339672j),(3.380493846133415e-07+0j),(0.002094683588774948+0j)
1440,0.9825139432087052,-2.2334409083167457,33.1836899239124,2.51801590526982,1035506.123170445,(2071012.246340407+0j),(480.7426366889133+0j),(0.9999756088078169+0.007869123799446306j),(0.9999756088078169-0.007869123799446306j),(6.666927129076385e-07+0j),(0.0020801150630248622+0j)
1441,0.9825234895152729,-2.2357093076838193,33.18022471254229,2.5160416285947154,1032398.467271568,(2064796.9345426518+0j),(484.238265187576+0j),(1.000009076565144+0.0068412361358229845j),(1.000009076565144-0.0068412361358229845j),(4.921100538854003e-07+0j),(0.0020650990883949627+0j)
1442,0.9825333449114432,-2.2380610255416,33.176601746171706,2.513979202689958,2621806.8641516087,(2058292.7961000707+0j),(487.8934726540269+0j),(1.0000014737006997+0.010980614679636245j),(1.0000014737006997-0.010980614679636245j),(1.907081741361652e-07+0j),(0.0020496277487367528+0j)
1443,0.9825401345132044,-2.2396870788360714,33.174078401209606,2.512543747129862,1026850.0450646804,(2053700.090128874+0j),(490.43953681339264+0j),(1.0124481937554646+0j),(0.9875933662997693+0j),(5.97520665741023e-07+0j),(0.002038987326590677+0j)
1444,0.9825475518075626,-2.241469022351463,33.171295804751566,2.5109617151531864,1024324.6986494539,(2048649.3972984198+0j),(493.24742611956106+0j),(1.0088922669562672+0j),(0.9911150745720823+0j),(6.618566060253102e-07+0j),(0.002027380067427159+0j)
1445,0.9825552204874497,-2.243317527335472,33.168389959101596,2.5093105791457226,1021657.4596886428,(2043314.919376796+0j),(496.1799505349885+0j),(1.0000070064752737+0.014450643038659101j),(1.0000070064752737-0.014450643038659101j),(5.047014259421767e-07+0j),(0.0020153978389408056+0j)
1446,0.9825627263578324,-2.24513292353297,33.1655168639307,2.5076789809333864,1019009.1023553967,(2038018.2047103029+0j),(499.0796785147474+0j),(1.0121022622961147+0j),(0.9878978752810168+0j),(5.980632916036081e-07+0j),(0.002003688074375028+0j)
1447,0.9825704851594814,-2.2470159430481544,33.16251637141883,2.5059759735773985,3799743.4776964164,(2032461.9237623583+0j),(502.10824369251+0j),(0.9999830960313174+0.015171261375210222j),(0.9999830960313174-0.015171261375210222j),(1.3158783031930677e-07+0j),(0.001991602433426321+0j)
1448,0.9825785032603148,-2.248968856523107,33.15938239877177,2.5041981780615252,1502058.9250704125,(2026597.144529284+0j),(505.27180835115746+0j),(1.0131362786134406+0j),(0.9868319010769283+0j),(3.3287642159352487e-07+0j),(0.0019791327825603635+0j)
1449,0.9825867869898516,-2.2509939866554856,33.15610854347316,2.502342034966561,1010204.5902544777,(2020409.1805084604+0j),(508.57685319387167+0j),(1.0133572002934612+0j),(0.9866466457240567+0j),(6.145865222659062e-07+0j),(0.0019662711618825416+0j)
1450,0.9825953426151978,-2.2530937067079413,33.152688064822776,2.5004037932483723,1006965.7227294155,(2013931.4454583344+0j),(512.0301939113624+0j),(1.0070074547515844+0j),(0.9929775150181132+0j),(5.28293589290183e-07+0j),(0.0019530098262126269+0j)
1451,0.9826041763143942,-2.2552704386169604,33.149113864353104,2.498379498205601,1003551.7678019758,(2007103.5356034534+0j),(515.6390095642579+0j),(1.0077347756354842+0j),(0.9922472664288103+0j),(8.184172330346181e-07+0j),(0.001939341247457512+0j)
1452,0.9826132941468911,-2.2575266506506937,33.145378465058535,2.4962649785678925,1054412.3445173027,(1999873.6233926625+0j),(519.4108545294392+0j),(1.0162062840139796+0j),(0.9838481329235134+0j),(4.7419778666286995e-07+0j),(0.0019252581867690729+0j)
1453,0.9826227020209183,-2.25986485456313,33.14147398937264,2.4940558326349063,1667916.0044465794,(1992343.7117089154+0j),(523.3536683202424+0j),(0.9999904837797509+0.01496051231968767j),(0.9999904837797509-0.01496051231968767j),(2.997752876446238e-07+0j),(0.0019107537799599218+0j)
1454,0.9826291801953825,-2.2614810337361875,33.13875516320614,2.492518131744256,1599770.2286955342,(1987049.006522227+0j),(526.0993168962585+0j),(0.9999808294624919+0.013355639356615264j),(0.9999808294624919-0.013355639356615264j),(3.125448836535438e-07+0j),(0.0019007817875494174+0j)
1455,0.9826362543150133,-2.2632516541537306,33.135757552543794,2.490823293150479,1184360.3257688305,(1981102.7731762812+0j),(529.1266011258285+0j),(1.0084574751429671+0j),(0.9916214369091017+0j),(4.221688189998368e-07+0j),(0.0018899068727145079+0j)
1456,0.982643564889902,-2.2650878520342004,33.13262778107042,2.48905428962342,987474.4271378241,(1974948.8542751418+0j),(532.2874296181335+0j),(1.0116167468588324+0j),(0.9884248974950641+0j),(5.192055428545357e-07+0j),(0.0018786842302663303+0j)
1457,0.9826507169536897,-2.2668905993818704,33.12953389345932,2.4873060864334633,1439505.3856281242,(1968848.465542098+0j),(535.4120710447038+0j),(0.9999865142995423+0.008247534648429039j),(0.9999865142995423-0.008247534648429039j),(3.473415278553381e-07+0j),(0.0018677203112652677+0j)
1458,0.982658520507511,-2.2688648283915733,33.12612145655837,2.4853784341396894,1453498.1952196648,(1962001.532609227+0j),(538.8584613358081+0j),(1.0000204646538147+0.009263131607523883j),(1.0000204646538147-0.009263131607523883j),(3.439976751567242e-07+0j),(0.001855774886638096+0j)
1459,0.9826661503490896,-2.2708025351820496,33.12274725068924,2.4834728909933155,1022293.1627200781,(1955262.533877763+0j),(542.2662254581592+0j),(0.9999897927030637+0.007234607069403146j),(0.9999897927030637-0.007234607069403146j),(4.890964923112065e-07+0j),(0.0018441126388791535+0j)
1460,0.982674028809079,-2.272811189206214,33.11922319558085,2.481483210609195,974064.1057308548,(1948128.2114611962+0j),(545.8252785113764+0j),(1.000007300057495+0.00978586116247957j),(1.000007300057495-0.00978586116247957j),(6.685551215997138e-07+0j),(0.0018320881047451639+0j)
1461,0.9826821613500847,-2.27489305670049,33.11554212957037,2.4794053534744167,970316.1169476336,(1940632.2338947519+0j),(549.5427911414555+0j),(1.0153087096333122+0j),(0.9847421438469207+0j),(5.999876086520759e-07+0j),(0.001819694509799245+0j)
1462,0.9826905533028828,-2.277050443455744,33.11169651552092,2.4772350601015125,1766634.6070745995,(1932768.9243252198+0j),(553.4262987858913+0j),(1.000030538992797+0.010027079620959j),(1.000030538992797-0.010027079620959j),(2.8302400394385947e-07+0j),(0.0018069253343586929+0j)
1463,0.9826992098342644,-2.279285691693338,33.107678419408714,2.4749678370650354,962256.8449756051,(1924513.6899506906+0j),(557.483718053915+0j),(1.0050161500232104+0j),(0.9950333847102298+0j),(5.568941643644626e-07+0j),(0.0017937743607992504+0j)
1464,0.9827081359115734,-2.281601176368212,33.103479487652585,2.472598942013783,957927.0702865277,(1915854.1405725335+0j),(561.7233628694537+0j),(0.9999983760263386+0.007301315849616018j),(0.9999983760263386-0.007301315849616018j),(6.21002911220392e-07+0j),(0.0017802357282295936+0j)
1465,0.9827142788141032,-2.2832010526535966,33.10055624255736,2.4709499205677137,954882.5981528872,(1909765.1963052507+0j),(564.6746770357818+0j),(1.0151990473777748+0j),(0.9848125628642337+0j),(7.881497739395383e-07+0j),(0.001770931193962373+0j)
1466,0.9827209834891197,-2.284953244455114,33.097333836828064,2.469132266966464,951520.5282669732,(1903041.056533421+0j),(567.927715812881+0j),(0.9999972828714092+0.006235623888499735j),(0.9999972828714092-0.006235623888499735j),(8.313804954386908e-07+0j),(0.0017607874596854353+0j)
1467,0.9827279085519721,-2.2867696970540963,33.09397000948236,2.46723494348295,1158726.3658647595,(1895963.4774446287+0j),(571.3231320785245+0j),(1.0000122077933202+0.004098301627708245j),(1.0000122077933202-0.004098301627708245j),(4.3150826176889683e-07+0j),(0.0017503229676155614+0j)
1468,0.982734679736432,-2.2885524234673067,33.090645397852725,2.4653598000407575,944496.8675947404,(1888993.7351889513+0j),(574.6785190293705+0j),(1.009142918504549+0j),(0.990799571515808+0j),(7.32192937961512e-07+0j),(0.0017401033219524443+0j)
1469,0.9827420634308179,-2.2905039965396865,33.08697922320947,2.463292030650429,940589.1549189509,(1881178.3098373702+0j),(578.3780672445085+0j),(1.0000141954651098+0.009738197872704303j),(1.0000141954651098-0.009738197872704303j),(5.866245099195959e-07+0j),(0.0017289728927785497+0j)
1470,0.9827492783478872,-2.292418714544763,33.08335488246652,2.46124782892731,936737.2206957104,(1873474.441390887+0j),(582.0347430282897+0j),(1.0058406999686966+0j),(0.9941580621008006+0j),(6.714572210341561e-07+0j),(0.001718110494278966+0j)
1471,0.9827567236905805,-2.2944027419108592,33.0795703846875,2.459113212491502,1046034.4390962087,(1865375.8917238526+0j),(585.852237402544+0j),(0.9999987479133715+0.007178741794494665j),(0.9999987479133715-0.007178741794494665j),(4.779957344732575e-07+0j),(0.001706915048194015+0j)
1472,0.9827644040594787,-2.29645821867459,33.075618139555125,2.4568838299411837,2200828.7252124725,(1856870.6353852726+0j),(589.8380187314939+0j),(1.0000035361403108+0.006940175453790511j),(1.0000035361403108-0.006940175453790511j),(2.2718714740137483e-07+0j),(0.0016953807117392576+0j)
1473,0.9827723238773468,-2.2985873142212463,33.07149016393801,2.454555092371173,923973.1801013122,(1847946.3602020834+0j),(593.9999147582172+0j),(1.00000475574368+0.010044411150004283j),(1.00000475574368-0.010044411150004283j),(6.234715920096859e-07+0j),(0.0016835019251488141+0j)
1474,0.982780487354121,-2.3007922233147573,33.06717805992233,2.452122158292717,1104836.1935416125,(1838586.579899914+0j),(598.3461283141421+0j),(0.999996360338856+0.011887812416902966j),(0.999996360338856-0.011887812416902966j),(4.5255577516638485e-07+0j),(0.0016712734530398682+0j)
1475,0.9827888984483869,-2.303075161486517,33.062672991600884,2.449579917449337,973777.6120674892,(1828765.3044095407+0j),(602.8852531865768+0j),(0.9999794245026601+0.004529069770783143j),(0.9999794245026601-0.004529069770783143j),(5.134642589888158e-07+0j),(0.0016586904303374727+0j)
1476,0.9827946829720385,-2.3046518755166576,33.059537280182255,2.44781010767986,910921.8765238611,(1821843.7530471734+0j),(606.0436443760319+0j),(1.0090551257163176+0j),(0.9909910841887414+0j),(6.532046166724683e-07+0j),(0.0016500461795244824+0j)
1477,0.9828009927268992,-2.306378060839373,33.05608128826261,2.445859200433664,907133.6213242429,(1814267.2426479347+0j),(609.5235804714858+0j),(1.0088139285449067+0j),(0.9911696286404553+0j),(5.743578870692142e-07+0j),(0.001640625616570454+0j)
1478,0.9828075056790756,-2.3081668395653927,33.05247431743637,2.44382265821869,1108597.2849224475,(1806314.0655457359+0j),(613.1543003411608+0j),(1.008752465799177+0j),(0.9911959533504126+0j),(4.5102040822252193e-07+0j),(0.0016309108481292977+0j)
1479,0.9828138696898147,-2.3099216909948908,33.04891008977174,2.441809800935218,948762.2457961567,(1798397.181581527+0j),(616.740675276413+0j),(1.0068029246836958+0j),(0.9931675690073208+0j),(5.270024204858219e-07+0j),(0.0016214270277470036+0j)
1480,0.9828208045212424,-2.311841926967873,33.04498047502393,2.439590031969092,894822.7997788237,(1789645.5995570887+0j),(620.6930909770351+0j),(1.008666451606002+0j),(0.9913067395793538+0j),(5.694967135472045e-07+0j),(0.0016111021928961833+0j)
1481,0.9828275758323887,-2.3137250536726426,33.04109651419946,2.4373954229106625,945236.0800794973,(1780966.0736363796+0j),(624.5978228646003+0j),(0.9999840845473429+0.011576849422441334j),(0.9999840845473429-0.011576849422441334j),(5.289683821189817e-07+0j),(0.0016010302363750023+0j)
1482,0.9828345580984919,-2.3156754505450627,33.03704178222013,2.4351036006704643,885919.7656002399,(1771839.5311999153+0j),(628.6722580039644+0j),(1.0000121945030336+0.009943588118304569j),(1.0000121945030336-0.009943588118304569j),(6.101388371851449e-07+0j),(0.0015906539334654929+0j)
1483,0.9828417549954876,-2.3176951110753037,33.03280825540227,2.4327098773277136,881164.8239293712,(1762329.647858175+0j),(632.9240650015696+0j),(1.010501538681431+0j),(0.989468015564662+0j),(8.335231094081613e-07+0j),(0.0015799683647184362+0j)
1484,0.9828491699719507,-2.3197860467921925,33.02838750052284,2.430209308687388,876183.1407295048,(1752366.2814584388+0j),(637.361267594405+0j),(0.9999483807577174+0.01744665324534593j),(0.9999483807577174-0.01744665324534593j),(5.817254281757216e-07+0j),(0.0015689688890931633+0j)
1485,0.9828568062109846,-2.3219502823896936,33.023770652411585,2.4275966780216374,874905.6957522195,(1741771.93281786+0j),(641.9922546807209+0j),(1.0038473778250432+0j),(0.9962825932252807+0j),(5.714901645145621e-07+0j),(0.0015576511908098104+0j)
1486,0.9828646665883807,-2.3241898501422313,33.018948390326116,2.4248664786259058,865424.2595989999,(1730848.519197422+0j),(646.8257533000392+0j),(1.0060835441786287+0j),(0.9939016486869757+0j),(8.401638422782408e-07+0j),(0.0015460114179036088+0j)
1487,0.9828700678475405,-2.3257358520969205,33.01559261260899,2.422965708918122,861562.412471769,(1723124.8249429576+0j),(650.1871254035481+0j),(1.005382388467306+0j),(0.9947048714696365+0j),(7.178488483549436e-07+0j),(0.0015380187655977082+0j)
1488,0.9828759552409404,-2.327427695227857,33.01189474928524,2.420870336863227,1022611.902306445,(1714685.3954524086+0j),(653.8889287844177+0j),(0.9999997441259851+0.010648029085122137j),(0.9999997441259851-0.010648029085122137j),(4.889440450207914e-07+0j),(0.00152931171625123+0j)
1489,0.9828820274260565,-2.329180084087751,33.00803608958815,2.4186828744734887,852921.6511255689,(1705843.3022505515+0j),(657.7491192440106+0j),(0.9999637994197191+0.018519484668289628j),(0.9999637994197191-0.018519484668289628j),(7.49176443785321e-07+0j),(0.00152033650927003+0j)
1490,0.9828879559291464,-2.3308984320427273,33.00422390381503,2.416520740238985,1245968.4238939998,(1697019.0659853886+0j),(661.5601257697818+0j),(0.9999972575461717+0.014890571132136389j),(0.9999972575461717-0.014890571132136389j),(4.012942787405805e-07+0j),(0.0015115784053995403+0j)
1491,0.9828944106382445,-2.3327778001654407,33.00002176908683,2.4141362229558547,1213573.3643847976,(1687267.0700214868+0j),(665.7577261458292+0j),(1.0000311511151114+0.009541631942018269j),(1.0000311511151114-0.009541631942018269j),(4.120064057713991e-07+0j),(0.0015020479082852132+0j)
1492,0.9829007074249038,-2.3346198977902977,32.995869334754666,2.4117786059542867,838826.4841920275,(1677652.968383459+0j),(669.9022064818646+0j),(1.0000108838682398+0.002633390538271957j),(1.0000108838682398-0.002633390538271957j),(6.348390761619803e-07+0j),(0.0014927551966299414+0j)
1493,0.9829071943115046,-2.3365267931400653,32.99153525397288,2.4093164234743814,833777.0100703468,(1667554.0201400938+0j),(674.2241542294239+0j),(1.008569678958712+0j),(0.9914878846219499+0j),(6.847798772751933e-07+0j),(0.001483186257426099+0j)
1494,0.9829138739808729,-2.3385003118141743,32.987011068436004,2.406744625322794,910224.6523289192,(1657008.503929569+0j),(678.7313219929919+0j),(1.0000196431376018+0.01304161978625084j),(1.0000196431376018-0.01304161978625084j),(5.49314939691911e-07+0j),(0.0014733370446167744+0j)
1495,0.9829207488349723,-2.3405422850392443,32.98228789445947,2.404057885001629,872786.2782393591,(1646004.6993388152+0j),(683.4317857907519+0j),(0.9999697587480677+0.004510894780954108j),(0.9999697587480677-0.004510894780954108j),(5.72877934113259e-07+0j),(0.0014632038205985307+0j)
1496,0.9829278209534176,-2.3426545438407858,32.977356400263744,2.4012505822079326,817203.0559025414,(1634406.111804471+0j),(688.3339567312211+0j),(1.0050183752964605+0j),(0.9949885422211608+0j),(6.643820137096569e-07+0j),(0.001452783188052658+0j)
1497,0.9829350920479968,-2.3448389124288718,32.97220678207829,2.3983167840692534,1084375.7613771278,(1622300.3585559009+0j),(693.4465647753178+0j),(1.010326697428723+0j),(0.9896646210859064+0j),(4.61094777114088e-07+0j),(0.0014420721809163034+0j)
1498,0.9829400831787135,-2.346345957669559,32.968623974865366,2.3962741718339613,909096.6869623347,(1613837.5987536567+0j),(696.9996264708565+0j),(1.0000140551120391+0.007169860052123238j),(1.0000140551120391-0.007169860052123238j),(5.499965044101707e-07+0j),(0.001434720998392983+0j)
1499,0.9829455185819429,-2.347994361480239,32.9646766698124,2.394022344146742,802283.9743129845,(1604567.9486253457+0j),(700.9102264170601+0j),(0.9999540662326653+0.01226390315279582j),(0.9999540662326653-0.01226390315279582j),(6.31983236518702e-07+0j),(0.0014267162359700512+0j)
1500,0.9829511190527039,-2.349700854743376,32.96055853644076,2.391671450824547,999878.4243161441,(1594821.8502292968+0j),(704.9855435817929+0j),(0.9999553625974567+0.017116816679059715j),(0.9999553625974567-0.017116816679059715j),(5.000607952332751e-07+0j),(0.0014184688028306928+0j)
1501,0.9829565814423343,-2.351373295362052,32.95649081641441,2.389347681227357,930363.7966393526,(1585125.1176016317+0j),(709.0062946565406+0j),(1.0081021033754178+0j),(0.9919336893835068+0j),(5.374241794513475e-07+0j),(0.0014104247135254767+0j)
1502,0.9829625222553797,-2.35320141584508,32.9520079426221,2.3867847951488335,787229.429688911,(1574458.8593771867+0j),(713.4318432910361+0j),(1.0156878057668306+0j),(0.9843953070501239+0j),(7.512143850302015e-07+0j),(0.0014016755902052703+0j)
1503,0.9829683111038096,-2.3549922134986265,32.947579048786466,2.3842507132396946,1002543.9973366113,(1563946.6826239852+0j),(717.7981912747955+0j),(1.0000141323216485+0.009824095085673569j),(1.0000141323216485-0.009824095085673569j),(4.987312290816558e-07+0j),(0.0013931492334997163+0j)
1504,0.9829742676921991,-2.356844873039304,32.942957427588546,2.3816041276467157,776484.9024477818,(1552969.8048949195+0j),(722.3480793512485+0j),(0.999971617715701+0.009136345064847704j),(0.999971617715701-0.009136345064847704j),(6.505171121526685e-07+0j),(0.0013843741384381447+0j)
1505,0.9829803936349061,-2.358761030045619,32.938134188716184,2.3788395991271134,1359043.325437594,(1541386.4133516862+0j),(727.0891929351677+0j),(1.0050037409151138+0j),(0.9951091268204976+0j),(3.67905857481824e-07+0j),(0.0013753470821520027+0j)
1506,0.9829866902074562,-2.360742312231018,32.93310000179726,2.3759513908305827,764674.308501059,(1529348.6170014641+0j),(732.0294782683228+0j),(1.0118684988157394+0j),(0.988255812558485+0j),(6.81128495134711e-07+0j),(0.0013660652059255705+0j)
1507,0.9829931583013498,-2.3627903326150466,32.92784507352184,2.372933449502594,774531.0280958362,(1516826.6397545375+0j),(737.1771720614144+0j),(1.0071862897986088+0j),(0.9927997264375898+0j),(6.455519299587584e-07+0j),(0.0013565259993750679+0j)
1508,0.9829975948093739,-2.364202767611844,32.924190145171785,2.3708324998598957,920614.3210876735,(1508084.3571883896+0j),(740.7518025576665+0j),(0.9999710697494403+0.01274101173094294j),(0.9999710697494403-0.01274101173094294j),(5.431156006886956e-07+0j),(0.001349979840216051+0j)
1509,0.9830024229608895,-2.3657471748606094,32.92016446244695,2.3685165941643183,750687.6891425933,(1498434.235422025+0j),(744.6834686775343+0j),(0.999962427526323+0.01360959274107046j),(0.999962427526323-0.01360959274107046j),(6.660559474091052e-07+0j),(0.0013428524225499632+0j)
1510,0.9830073940818355,-2.367345436780134,32.91596575646677,2.366099066333639,744130.0327791471,(1488260.0655576224+0j),(748.7777457157438+0j),(1.0182018145016845+0j),(0.9819517494852394+0j),(8.110159095420597e-07+0j),(0.0013355097766778205+0j)
1511,0.9830125098705677,-2.368999032885976,32.91158619313988,2.3635750980415393,738923.548726259,(1477847.0974518415+0j),(753.0412549055545+0j),(0.9999390417619859+0.009543228571833031j),(0.9999390417619859-0.009543228571833031j),(7.706873154038e-07+0j),(0.0013279484935430398+0j)
1512,0.9830174931942274,-2.3706186418246062,32.907261094478514,2.3610801678652633,851782.2115545346,(1467375.5976315117+0j),(757.244442045444+0j),(1.0000274972171024+0.0030154047089295108j),(1.0000274972171024-0.0030154047089295108j),(5.870045103285891e-07+0j),(0.00132057753675105+0j)
1513,0.9830226191978895,-2.3722939620587105,32.90274959375194,2.35847518171124,797679.8296386136,(1456577.235721631+0j),(761.6208299400396+0j),(0.9999541294354708+0.01497687843520868j),(0.9999541294354708-0.01497687843520868j),(6.268179054078877e-07+0j),(0.0013129892994634196+0j)
1514,0.9830278890498001,-2.374026448325926,32.89804322243566,2.355754876538372,796357.2265314024,(1445223.2934919326+0j),(766.1773962908825+0j),(0.9999827187289301+0.010030620103525553j),(0.9999827187289301-0.010030620103525553j),(6.278589348375566e-07+0j),(0.001305180764680112+0j)
1515,0.9830333036037421,-2.37581754658592,32.89313310133785,2.3529137058813276,757687.7225055593,(1433361.9098875732+0j),(770.9213315594038+0j),(1.0192558521047355+0j),(0.9807956769517262+0j),(6.599024705676805e-07+0j),(0.0012971492148312312+0j)
1516,0.983038863357906,-2.377668687786438,32.88800991972906,2.3499458222839626,710486.2600144459,(1420972.520028188+0j),(775.8600568222129+0j),(1.0197052759615988+0j),(0.980459795763364+0j),(7.055444199671608e-07+0j),(0.0012888922315086925+0j)
1517,0.9830445684098656,-2.379581280859236,32.88266391347075,2.3468450584962843,709113.6066814563,(1408125.268761163+0j),(781.0012102104928+0j),(1.0040724395811098+0j),(0.9959928935331018+0j),(7.051056351043275e-07+0j),(0.0012804077470846458+0j)
1518,0.9830504184073213,-2.3815567048695216,32.87708484211096,2.34360490734094,697357.6094275358,(1394715.2188543547+0j),(786.3526551522829+0j),(1.0165306194240702+0j),(0.9834338648162331+0j),(8.171548651390105e-07+0j),(0.0012716940592116363+0j)
1519,0.9830544246184318,-2.3829181124363736,32.873205276272856,2.341349204920924,692682.9107781658,(1385365.8215556098+0j),(790.0653946153153+0j),(0.999978868309313+0.012346250525524714j),(0.999978868309313-0.012346250525524714j),(7.61654339770628e-07+0j),(0.001265718011251842+0j)
1520,0.9830587784421939,-2.3844058134306825,32.86893293482075,2.3388626561399466,704421.7393647357,(1374952.5951317637+0j),(794.1457370242525+0j),(1.0163522777103675+0j),(0.9839151770084087+0j),(7.098020575730157e-07+0j),(0.0012592147175890206+0j)
1521,0.9830632544130036,-2.3859443746092004,32.864477822729285,2.3362669364773074,701027.5110419459,(1364306.9842763208+0j),(798.3911825881212+0j),(1.0090502115258237+0j),(0.9909759373118748+0j),(7.132387704115893e-07+0j),(0.0012525188426975335+0j)
1522,0.9830676098940907,-2.38745066728048,32.86007936499308,2.333701389841073,676826.7572128592,(1353653.5144249797+0j),(802.5729955042302+0j),(1.0074400778827386+0j),(0.9927429051536293+0j),(7.536525982147865e-07+0j),(0.0012459925832706057+0j)
1523,0.9830720851886893,-2.3890080915919243,32.85549265584543,2.3310230002774244,671366.2274217069,(1342732.454842669+0j),(806.9233494355142+0j),(0.9999229343507048+0.015636174388379033j),(0.9999229343507048-0.015636174388379033j),(7.475940588574044e-07+0j),(0.0012392750820026104+0j)
1524,0.9830766807177842,-2.39061791931082,32.850709242713776,2.328226399599018,665561.2537768766,(1331122.5075530019+0j),(811.4487051755355+0j),(1.01833721428441+0j),(0.9817775982781946+0j),(7.812301151915936e-07+0j),(0.001232363787901767+0j)
1525,0.9830813965697154,-2.3922814066426894,32.84572027042203,2.325305932908547,659589.9852805634,(1319179.9705603686+0j),(816.155658423712+0j),(1.0094019920711004+0j),(0.9905564099932977+0j),(9.419568083380856e-07+0j),(0.0012252564687636031+0j)
1526,0.9830862324590403,-2.3939997878355994,32.840516461243716,2.3222556410255972,653327.7353737679,(1306655.4707467705+0j),(821.0510081949989+0j),(1.0085157570251218+0j),(0.9914978507787076+0j),(8.045619663180843e-07+0j),(0.0012179511261549976+0j)
1527,0.9830911876815268,-2.3957742680240384,32.83508809403866,2.319069241694666,660753.6812356673,(1293766.3711432563+0j),(826.1416892966163+0j),(0.9998037672256179+0.01180960653430651j),(0.9998037672256179-0.01180960653430651j),(7.567116373309377e-07+0j),(0.0012104461170768465+0j)
1528,0.983096261064935,-2.3976060152387375,32.82942498244052,2.315740109476782,666079.1639438779,(1280013.9871139955+0j),(831.4348231769211+0j),(1.004828824208702+0j),(0.9952722918355288+0j),(7.506615235338759e-07+0j),(0.0012027400972805524+0j)
1529,0.9830997307338792,-2.398867787702341,32.82548811606275,2.3134227642398093,635377.5293862666,(1270755.0587717462+0j),(835.1036023009226+0j),(0.9998039577052945+0.024912515309268125j),(0.9998039577052945-0.024912515309268125j),(8.165561818735742e-07+0j),(0.0011974562165302652+0j)
1530,0.9831034969647812,-2.4002460258383578,32.82115374596878,2.310868553008514,683239.7318237781,(1260250.7252267427+0j),(839.1323284227344+0j),(1.0022855294954902+0j),(0.997711839176036+0j),(7.318075584767489e-07+0j),(0.0011917071553643787+0j)
1531,0.9831073638067823,-2.401670730403876,32.81663514000187,2.3082025227612695,681365.7756089041,(1249419.305533019+0j),(843.3203751243311+0j),(1.0000480945217762+0.013303374462393856j),(1.0000480945217762-0.013303374462393856j),(7.338202444251667e-07+0j),(0.0011857889712425071+0j)
1532,0.9831111214613427,-2.4030649031479534,32.812175176137636,2.3055678060391074,713902.7694989486,(1238892.6299689184+0j),(847.4419272307578+0j),(0.9998766150679274+0.020779683736526645j),(0.9998766150679274-0.020779683736526645j),(7.00375487198585e-07+0j),(0.0011800218608421285+0j)
1533,0.9831151922314744,-2.404586440098975,32.807263824453884,2.3026626173124543,613473.7469927532,(1226947.4939846913+0j),(851.9664434428223+0j),(1.028185535416208+0j),(0.9722939906629058+0j),(8.96479965642946e-07+0j),(0.0011737551491344572+0j)
1534,0.9831191423332384,-2.406074435502488,32.80241549221009,2.2997907436192113,626154.6338053679,(1215553.2053305479+0j),(856.4180364520477+0j),(1.0066250075679035+0j),(0.9934384202783396+0j),(7.985247940459024e-07+0j),(0.0011676540631407346+0j)
1535,0.9831231892926579,-2.407611213941305,32.79736025798177,2.296792076798475,620351.3081800295,(1203661.3766305218+0j),(861.0436092584572+0j),(0.9998621914507968+0.018202755388619235j),(0.9998621914507968-0.018202755388619235j),(8.059949151509196e-07+0j),(0.0011613813623978565+0j)
1536,0.9831273320585311,-2.4091978193574044,32.79208889323255,2.2936605513497534,651067.2940176541,(1191097.9990692455+0j),(865.8492484637452+0j),(1.0161088126229731+0j),(0.9838352109564985+0j),(7.679697699370797e-07+0j),(0.0011549354599747978+0j)
1537,0.9831315691419643,-2.410835259981323,32.786591736323174,2.290389775801155,589017.1796837994,(1178034.3593667499+0j),(870.8411225723906+0j),(1.012863658585518+0j),(0.98728915992108+0j),(8.502578875639508e-07+0j),(0.0011483150876105642+0j)
1538,0.9831344641446927,-2.411962968491073,32.78277151986646,2.2881136644635696,616229.7388747742,(1168933.530222468+0j),(874.2982108620538+0j),(1.0154168843932039+0j),(0.9850086678298404+0j),(8.113857031848566e-07+0j),(0.001143774501056988+0j)
1539,0.9831376039741928,-2.4131945613809265,32.778566784339816,2.2856054844467737,590273.4490302667,(1159140.4396547764+0j),(878.0917224907005+0j),(1.009081800151144+0j),(0.9910009098598602+0j),(8.470650354031439e-07+0j),(0.0011388331929034867+0j)
1540,0.9831408247336,-2.4144674485019637,32.77418465384226,2.2829881483426737,618135.2642844127,(1148852.784450863+0j),(882.0322450740715+0j),(1.0130398770467457+0j),(0.9870043767574631+0j),(8.088844447002301e-07+0j),(0.001133745399340571+0j)
1541,0.9831441260505438,-2.4157826127091906,32.76961734908059,2.280256556932051,589558.7279000245,(1137995.4625975485+0j),(886.1249222794394+0j),(1.0186376324123199+0j),(0.9818792018037658+0j),(8.480919310300637e-07+0j),(0.0011285090565692714+0j)
1542,0.9831473286118546,-2.4170689550704116,32.76511040250797,2.2775573766291064,593751.2213222543,(1127713.2978811073+0j),(890.14891449054+0j),(0.9998337798082042+0.013997063095719017j),(0.9998337798082042-0.013997063095719017j),(8.421035309820156e-07+0j),(0.00112340753758897+0j)
1543,0.9831506087310812,-2.4183976543798495,32.76041295073625,2.274740172974175,558291.0700045534,(1116582.1400082111+0j),(894.327382800538+0j),(1.0086163088962146+0j),(0.9916025051225921+0j),(9.305128875586733e-07+0j),(0.0011181587630310083+0j)
1544,0.9831539654250292,-2.419769640965566,32.755516621596875,2.27179938997752,555636.6146365373,(1105283.9478796283+0j),(898.6655105916423+0j),(1.0056899908260657+0j),(0.9942046222112784+0j),(8.998687034465388e-07+0j),(0.0011127610754599149+0j)
1545,0.9831573973414011,-2.4211858176624186,32.75041265731572,2.268729179736358,577015.0409131674,(1093469.9524849863+0j),(903.1686041928644+0j),(0.9998933691738427+0.015885922083271366j),(0.9998933691738427-0.015885922083271366j),(8.665285383360023e-07+0j),(0.001107212978137163+0j)
1546,0.983160902717349,-2.4226470531941304,32.74509189633028,2.2655233849328704,540557.8010552019,(1081115.6021094788+0j),(907.8420143131275+0j),(0.9999691855747019+0.006798978253408763j),(0.9999691855747019-0.006798978253408763j),(9.467464163759937e-07+0j),(0.0011015132417049615+0j)
1547,0.9831644793341757,-2.424154174820578,32.73954475432669,2.2621755201418763,539099.6505091048,(1068200.4874398438+0j),(912.6911332138486+0j),(1.020459962433954+0j),(0.9799098232892607+0j),(9.27472313380744e-07+0j),(0.0010956609125633914+0j)
1548,0.9831669178529674,-2.4251915716175434,32.735690710845965,2.259846052706676,555735.4781605349,(1059544.3977640644+0j),(916.0460946180389+0j),(0.999835454911524+0.015615679949341307j),(0.999835454911524-0.015615679949341307j),(8.997086197472715e-07+0j),(0.0010916481233792076+0j)
1549,0.9831695575916259,-2.426324001279324,32.731449600586984,2.257279351991312,524988.6861224725,(1049977.3722439925+0j),(919.7244763677861+0j),(0.9995654266526123+0.03393769318559673j),(0.9995654266526123-0.03393769318559673j),(9.618513009234703e-07+0j),(0.0010872821434408594+0j)
1550,0.983172259738548,-2.4274938072760746,32.72703050957715,2.2546012554713126,519823.89837606356,(1039647.7967511653+0j),(923.5419918121997+0j),(1.0133701734416278+0j),(0.9865585363162437+0j),(1.0663987316083135e-06+0j),(0.0010827877983982993+0j)
1551,0.9831748773908088,-2.428637743101255,32.722671038782416,2.2519555825466995,530712.1436090334,(1029686.370129405+0j),(927.2925683330998+0j),(1.0000165984801397+0.017351990184799784j),(1.0000165984801397-0.017351990184799784j),(9.421303168234741e-07+0j),(0.0010784082975356759+0j)
1552,0.9831777036555137,-2.429885265199549,32.717872933215446,2.24903942384236,509462.36721274303,(1018924.7344245047+0j),(931.4025855447343+0j),(1.0100437360516212+0j),(0.989506831924816+0j),(1.0294911068560712e-06+0j),(0.0010736495855923449+0j)
1553,0.9831804362656119,-2.4311043464009203,32.713139018472994,2.246157844176369,504067.3860668608,(1008134.7721327296+0j),(935.4390010569282+0j),(0.9999174338284735+0.009024371301957443j),(0.9999174338284735-0.009024371301957443j),(1.0306211680588252e-06+0j),(0.0010690167918672507+0j)
1554,0.9831832253151206,-2.4323624030016555,32.70820583117115,2.243150244490792,500243.76035883854,(996901.9793464695+0j),(939.6254046928638+0j),(1.0182082401560895+0j),(0.9820371122660032+0j),(9.99512716843956e-07+0j),(0.001064253898369154+0j)
1555,0.9831860687750744,-2.4336601751497775,32.7030646833629,2.2400106931938124,492618.74743346014,(985237.4948659053+0j),(943.9663839335284+0j),(1.0348942741050144+0j),(0.9658050167343237+0j),(1.02576588519334e-06+0j),(0.0010593597580708064+0j)
1556,0.9831889641874423,-2.4349983636332024,32.697706492856135,2.2367329474264563,497118.8686048211,(973394.1415419693+0j),(948.4665258895159+0j),(1.0198703277819534+0j),(0.9803262831054694+0j),(1.0057956589010003e-06+0j),(0.0010543334664887807+0j)
1557,0.983190934698655,-2.4359192781281735,32.69398473391628,2.2344528308624243,510942.68509921036,(965283.8246341909+0j),(951.5776547756143+0j),(0.999760398622942+0.023084206340862445j),(0.999760398622942-0.023084206340862445j),(9.785833413064583e-07+0j),(0.0010508863833766614+0j)
1558,0.9831930643803387,-2.436924364867678,32.68989013943721,2.2319410401442,497045.4178815118,(956156.1306198477+0j),(954.9864578467693+0j),(0.999834013648029+0.01577943804162537j),(0.999834013648029-0.01577943804162537j),(1.0059442900240124e-06+0j),(0.0010471352677093686+0j)
1559,0.9831952405398926,-2.4379624145498515,32.68562475528421,2.229320829043738,473188.8458261897,(946377.6916513226+0j),(958.5217164059482+0j),(1.0377514429431498+0j),(0.9632495775011111+0j),(1.1349425079830163e-06+0j),(0.0010432731808088823+0j)
1560,0.9831974618902555,-2.4390341429895592,32.681181236666895,2.2265872045891593,486001.41227354074,(936851.9723190954+0j),(962.1873464718794+0j),(0.9999889623242967+0.012012277512712595j),(0.9999889623242967-0.012012277512712595j),(1.0288035947498636e-06+0j),(0.001039298639311994+0j)
1561,0.9831996074408036,-2.4400815871221995,32.67679852645874,2.223886980654388,463695.9506460931,(927391.901291108+0j),(965.7854130678394+0j),(0.9996809228870875+0.027502272284391692j),(0.9996809228870875-0.027502272284391692j),(1.0914604701462822e-06+0j),(0.0010354266967417221+0j)
1562,0.9832017949485844,-2.4411626801252915,32.672232746109195,2.2210697061488727,489404.5579749848,(917558.336626984+0j),(969.5152161528708+0j),(0.9993945712054482+0.03816256214721097j),(0.9993945712054482-0.03816256214721097j),(1.0216496594747257e-06+0j),(0.0010314433268761925+0j)
1563,0.9832040225246828,-2.4422780811237734,32.66747601049957,2.2181299526737064,453447.1794886043,(906894.3589761059+0j),(973.3806915628546+0j),(1.0037949898047416+0j),(0.9962555856149622+0j),(1.1256518799489457e-06+0j),(0.0010273472739672513+0j)
1564,0.9832062879139257,-2.4434284181036503,32.66252008225097,2.2150620129372456,448028.53100403014,(896057.0620069443+0j),(977.3857362879364+0j),(1.026345252176041+0j),(0.9741419134918259+0j),(1.1588629967412096e-06+0j),(0.0010231375010461771+0j)
1565,0.9832085884563565,-2.4446142818358183,32.657356355774226,2.211859884488522,454339.85300840216,(885209.4677739057+0j),(981.534253065876+0j),(0.9996769228221181+0.030260716465222503j),(0.9996769228221181-0.030260716465222503j),(1.1004977808789293e-06+0j),(0.0010188131458486686+0j)
1566,0.9832101503030052,-2.4454301916040246,32.653770514049484,2.209632879895074,438953.78367421404,(877530.044062674+0j),(984.4003032987418+0j),(0.9996503878869842+0.03188379627817826j),(0.9996503878869842-0.03188379627817826j),(1.1390720813828147e-06+0j),(0.001015846903630602+0j)
1567,0.9832118346318128,-2.4463205074466843,32.649826246966995,2.2071800815416873,441236.8495553845,(868880.555701904+0j),(987.5387088290114+0j),(1.0184917035905328+0j),(0.981740430983816+0j),(1.1331782477018197e-06+0j),(0.001012618534497338+0j)
1568,0.9832135515626886,-2.4472398352021094,32.64571833599393,2.2046219464944894,438552.7234535804,(860063.8674672272+0j),(990.7914652688385+0j),(1.0234009661423333+0j),(0.977167970693362+0j),(1.1401137725543588e-06+0j),(0.0010092941200469034+0j)
1569,0.9832152995662766,-2.448188787825875,32.641439806812464,2.2019536663550623,425783.8199038632,(851567.6398065521+0j),(994.1619719767885+0j),(0.9990761864393157+0.03808248874440826j),(0.9990761864393157-0.03808248874440826j),(1.2136912754498263e-06+0j),(0.0010058723107651383+0j)
1570,0.9832169832657688,-2.4491160370366143,32.637220756843654,2.1993185675219706,425503.98269027297,(842580.6526294041+0j),(997.4682016762413+0j),(0.9992692630480262+0.038631767524627166j),(0.9992692630480262-0.038631767524627166j),(1.1750771328611596e-06+0j),(0.0010025382245821726+0j)
1571,0.9832186948873313,-2.450072862234791,32.63282644321414,2.196569851390339,416499.82699582493,(832999.6539904494+0j),(1000.8932287109808+0j),(1.0107606409665066+0j),(0.9893461470483025+0j),(1.2394048072074652e-06+0j),(0.000999107568332546+0j)
1572,0.9832204323328013,-2.4510598230594187,32.62824938632163,2.1937022969802387,442486.7977974549,(823631.6947866918+0j),(1004.4403872625098+0j),(0.999640136118696+0.02823369315370153j),(0.999640136118696-0.02823369315370153j),(1.1299772162456918e-06+0j),(0.0009955792425881051+0j)
1573,0.9832221931570055,-2.45207744958485,32.62348177687661,2.190710418706934,406843.8784322802,(813687.7568633314+0j),(1008.113053475271+0j),(0.9997390728885795+0.024456391797095575j),(0.9997390728885795-0.024456391797095575j),(1.2701139897468943e-06+0j),(0.000991952238553084+0j)
1574,0.9832239745321425,-2.4531262367972815,32.61851546120996,2.187588451208211,405789.78125286894,(803361.7231588082+0j),(1011.9145407116922+0j),(0.9999018978977592+0.025607279411752584j),(0.9999018978977592-0.025607279411752584j),(1.2321650842389815e-06+0j),(0.0009882257441687114+0j)
1575,0.9832251797580546,-2.453847673881089,32.61506741541184,2.1854176580402758,397814.78342859657,(795629.5668559363+0j),(1014.5392250638588+0j),(1.0551304183765398+0j),(0.9476515270710174+0j),(1.273976274730338e-06+0j),(0.0009856691347533866+0j)
1576,0.9832264754874595,-2.454634749931273,32.611275384298104,2.183027207998326,393985.16054141027,(787970.3210815515+0j),(1017.4117711824885+0j),(1.0463683830463466+0j),(0.9559925997558943+0j),(1.3300570526593565e-06+0j),(0.000982886210245686+0j)
1577,0.98322779175402,-2.455447305221561,32.607326759921804,2.180534584697515,389980.421267969,(779960.8425346559+0j),(1020.3873171379619+0j),(1.0466583586880445+0j),(0.9555934764357008+0j),(1.284082613213053e-06+0j),(0.0009800200209596221+0j)
1578,0.9832291268231758,-2.4562858623798993,32.603214921468556,2.1779351625609067,386469.9771033107,(772939.9542053277+0j),(1023.4687732536127+0j),(0.9980460984897634+0.06301569466073864j),(0.9980460984897634-0.06301569466073864j),(1.323284284024562e-06+0j),(0.000977069380287599+0j)
1579,0.983230407665566,-2.457105059256253,32.5991610238353,2.1753685888689214,381946.92666931025,(763893.8533373114+0j),(1026.4897552589243+0j),(1.013878539692941+0j),(0.9863618089526894+0j),(1.3226025969595561e-06+0j),(0.0009741938432876654+0j)
1580,0.9832317042406816,-2.457950194098057,32.59493953684283,2.1726919037422077,384247.3461763474,(754954.0751063465+0j),(1029.617439362219+0j),(1.0515787814815567+0j),(0.9509762859122679+0j),(1.301245161421038e-06+0j),(0.0009712345204642022+0j)
1581,0.9832330142755317,-2.4588217394773855,32.59054336651653,2.1699000907692207,373168.7594730561,(746337.5189447724+0j),(1032.8547058797121+0j),(1.0421262832932958+0j),(0.9597414400318898+0j),(1.356682264041058e-06+0j),(0.0009681903896205119+0j)
1582,0.983234335167827,-2.459720139973559,32.5859651099353,2.166987882577227,374172.22874738515,(737818.1687252887+0j),(1036.2044257388773+0j),(0.9995760657205945+0.024983050670934967j),(0.9995760657205945-0.024983050670934967j),(1.3362830311451516e-06+0j),(0.0009650605373186464+0j)
1583,0.9832356639529999,-2.4606458071521207,32.58119704165681,2.1639497466671074,367841.31657875364,(728461.0023338438+0j),(1039.6694525208477+0j),(0.9994878385627056+0.03524959266921893j),(0.9994878385627056-0.03524959266921893j),(1.3592817812076187e-06+0j),(0.0009618441684942754+0j)
1584,0.9832365583359618,-2.46128240705988,32.57788722989131,2.161837660372856,360955.24209117185,(721910.4841809585+0j),(1042.0605204330166+0j),(0.9996530135089963+0.026018973840109653j),(0.9996530135089963-0.026018973840109653j),(1.3855085839197158e-06+0j),(0.0009596371615950282+0j)
1585,0.9832375153931021,-2.461976788788964,32.57424778210885,2.159512252418768,357308.8151788607,(714617.630356322+0j),(1044.6762081521729+0j),(1.0276411812125434+0j),(0.972674398983005+0j),(1.4806523539156783e-06+0j),(0.0009572343968972598+0j)
1586,0.9832384825229804,-2.462693495249841,32.570458657672944,2.157087889454645,362662.50786024757,(707442.8481574594+0j),(1047.3843507101801+0j),(0.9997137085643184+0.02442738925751632j),(0.9997137085643184-0.02442738925751632j),(1.3786922804648612e-06+0j),(0.000954759348333279+0j)
1587,0.9832394578192026,-2.4634329697563246,32.56651357265434,2.1545601262110994,350201.6592241562,(700403.3184468846+0j),(1050.187503779005+0j),(0.9982259649123293+0.06058959410983213j),(0.9982259649123293-0.06058959410983213j),(1.4319311089810757e-06+0j),(0.0009522109114008899+0j)
1588,0.9832403877256413,-2.464155205223457,32.56262473139857,2.1520647777420923,346232.2013978372,(692464.4027942303+0j),(1052.9342322826774+0j),(0.9994663992285546+0.03254737141458757j),(0.9994663992285546-0.03254737141458757j),(1.4813087214061829e-06+0j),(0.0009497269339470194+0j)
1589,0.9832413228080605,-2.4649001330348836,32.558575806064304,2.1494628704084793,342331.12027722865,(684662.2405529968+0j),(1055.7765502614957+0j),(0.9996764837323477+0.016219931761932132j),(0.9996764837323477-0.016219931761932132j),(1.4715428229545849e-06+0j),(0.0009471701180825145+0j)
1590,0.9832422606497246,-2.4656681495649595,32.55436006908613,2.1467495887854255,338583.81939184706,(677167.6387822174+0j),(1058.716939950436+0j),(0.9983325022634106+0.05752952461505812j),(0.9983325022634106-0.05752952461505812j),(1.499395166056542e-06+0j),(0.0009445395295950648+0j)
1591,0.9832431985209976,-2.46645962473526,32.54997050304762,2.143919879490575,333749.5504114553,(667499.1008214124+0j),(1061.7579246179107+0j),(1.0707883271378116+0j),(0.9334785231124305+0j),(1.5842916056533963e-06+0j),(0.0009418342699328502+0j)
1592,0.9832441333487777,-2.4672748974503174,32.54539978810899,2.140968437962381,329853.50099064637,(659707.0019797769+0j),(1064.9018163363712+0j),(1.011401396681762+0j),(0.9887074370619326+0j),(1.5201603195412844e-06+0j),(0.0009390537089418508+0j)
1593,0.9832447572096756,-2.467835442499646,32.54222746863399,2.138916995839649,326951.4018891342,(653902.8037767392+0j),(1067.0702946103977+0j),(0.9997876024193154+0.020859660267692783j),(0.9997876024193154-0.020859660267692783j),(1.5717292846387383e-06+0j),(0.0009371453832487229+0j)
1594,0.9832454195754682,-2.4684467384492232,32.538739674469504,2.136658712589452,323315.26726782916,(646630.5345341119+0j),(1069.4415777591003+0j),(1.0648096834794676+0j),(0.9393671202959737+0j),(1.5905349361425679e-06+0j),(0.0009350674417363434+0j)
1595,0.9832460829652856,-2.469077545731445,32.53510895615961,2.1343047251788416,321800.3892841087,(640721.556063778+0j),(1071.8956394450236+0j),(0.9999039763944049+0.019231691003987236j),(0.9999039763944049-0.019231691003987236j),(1.55375821985029e-06+0j),(0.0009329266422591895+0j)
1596,0.9832467453308613,-2.469728238032718,32.53132935050599,2.131850765516825,317385.3138438891,(633212.685570482+0j),(1074.4347738966833+0j),(1.057881888655969+0j),(0.9453317394030412+0j),(1.5753721996323171e-06+0j),(0.0009307219237598688+0j)
1597,0.9832473700568296,-2.4703636069002917,32.52760417595345,2.129428698810906,315919.0292983822,(627657.4606297275+0j),(1076.9216889396967+0j),(0.9980704499225121+0.06357032767317262j),(0.9980704499225121-0.06357032767317262j),(1.582684022268908e-06+0j),(0.0009285726250252621+0j)
1598,0.9832479908470695,-2.4710187759122313,32.523726225505385,2.126903649592717,317432.2340496268,(619414.7491590045+0j),(1079.4941503151667+0j),(1.0597747182517716+0j),(0.9435679124046729+0j),(1.575139341151697e-06+0j),(0.0009263598135940935+0j)
1599,0.9832486051690938,-2.471694074772269,32.51968911952827,2.1242709992560806,306118.8766116237,(612237.753221614+0j),(1082.1542244413204+0j),(1.0597773799065242+0j),(0.9431417546243425+0j),(1.6647337066177869e-06+0j),(0.0009240827023653356+0j)
1600,0.9832492101927925,-2.472389808221354,32.51548620615603,2.1215259036181626,305910.29669005267,(606113.0812530336+0j),(1084.9040393629073+0j),(0.9973275789615128+0.0740910240380943j),(0.9973275789615128-0.0740910240380943j),(1.6344660686852727e-06+0j),(0.0009217405079084866+0j)
1601,0.9832498027620733,-2.473106251887487,32.51111054962204,2.118663280572439,304603.1736627338,(598478.8052433752+0j),(1087.745739229175+0j),(0.9969294305992535+0.08168624030076174j),(0.9969294305992535-0.08168624030076174j),(1.6414799425398073e-06+0j),(0.0009193324912820051+0j)
1602,0.9832501916580985,-2.473598721114618,32.508074027110254,2.1166739101751775,297433.9460253352,(592103.6119505218+0j),(1089.7050688023405+0j),(1.0000633779294774+0.013450996718210179j),(1.0000633779294774-0.013450996718210179j),(1.6810455117279163e-06+0j),(0.0009176794976703749+0j)
1603,0.9832505981214413,-2.474135658514009,32.50473592607845,2.1144842766671994,304958.7981463092,(585158.4113386518+0j),(1091.8469503922433+0j),(1.0893518761986156+0j),(0.9176396307651883+0j),(1.6395657480308553e-06+0j),(0.000915879280985197+0j)
1604,0.9832509978131542,-2.474689600980515,32.50126146657677,2.1122022028281755,289318.25592493283,(578636.5118481375+0j),(1094.0628981567354+0j),(1.1047643611967044+0j),(0.9052820803619582+0j),(1.7320119904522709e-06+0j),(0.0009140242331406323+0j)
1605,0.983251368411364,-2.4752305785923334,32.497837565085796,2.1099503371071746,287945.0258611061,(575890.0517204758+0j),(1096.2331237655746+0j),(0.9949557556152269+0.10046549588885517j),(0.9949557556152269-0.10046549588885517j),(1.7498919183653824e-06+0j),(0.0009122147284277429+0j)
1606,0.9832517296577584,-2.47578850054018,32.49427378664101,2.10760330317928,284863.1026366262,(569726.2052714973+0j),(1098.477933006339+0j),(0.9949940368453012+0.10058447845583468j),(0.9949940368453012-0.10058447845583468j),(1.7608384445663204e-06+0j),(0.000910350557128189+0j)
1607,0.9832520791905318,-2.476363658741795,32.4905643274035,2.105156877987354,281421.4076862753,(562842.8153707739+0j),(1100.7991728309826+0j),(0.9966864600413314+0.08161597792170916j),(0.9966864600413314-0.08161597792170916j),(1.785298581257145e-06+0j),(0.0009084309154084212+0j)
1608,0.9832524143888427,-2.4769563250211153,32.4867031380393,2.102606635567735,276914.3892940865,(553828.7785863674+0j),(1103.1987565190516+0j),(1.1041801869796544+0j),(0.9052957674392886+0j),(1.8358074653639783e-06+0j),(0.0009064549736023392+0j)
1609,0.9832527323486381,-2.4775667476848966,32.48268391327263,2.0999479361757816,278084.138796835,(549695.2519274539+0j),(1105.678407892386+0j),(0.9959741021554547+0.09095042507520477j),(0.9959741021554547-0.09095042507520477j),(1.7980169676880085e-06+0j),(0.0009044221119850037+0j)
1610,0.9832529344460639,-2.4779864099048585,32.47989513007252,2.098100716082455,280525.96554039244,(545312.374717169+0j),(1107.3881489867897+0j),(0.9949633490963178+0.10303912837435711j),(0.9949633490963178-0.10303912837435711j),(1.7823662028518863e-06+0j),(0.0009030257371802371+0j)
1611,0.98325313911107,-2.4784440324551986,32.47682974065673,2.0960679539728844,270424.26556836296,(537798.8734581667+0j),(1109.257288573071+0j),(1.0798488539316433+0j),(0.9262631072030318+0j),(1.8489465024554531e-06+0j),(0.0009015041053532229+0j)
1612,0.9832533327024977,-2.4789162228783543,32.473639536505445,2.0939498302781656,267286.00244801305,(533802.7362602288+0j),(1111.1910810991499+0j),(0.9986457320313269+0.05590910062213448j),(0.9986457320313269-0.05590910062213448j),(1.870655385700564e-06+0j),(0.0008999352308330925+0j)
1613,0.9832535131932008,-2.4794032571705165,32.47031936648403,2.09174259972412,264384.88538921403,(528437.0866216422+0j),(1113.1913469493666+0j),(0.9982726549282048+0.05187119082475236j),(0.9982726549282048-0.05187119082475236j),(1.8911822408671872e-06+0j),(0.0008983181558631891+0j)
1614,0.9832536701330279,-2.4798787818222814,32.46704785626327,2.0895648996578853,265135.1334216618,(523606.23152374075+0j),(1115.1499885129203+0j),(0.9964069688881724+0.08469659111128999j),(0.9964069688881724-0.08469659111128999j),(1.8858307971075086e-06+0j),(0.0008967403595060885+0j)
1615,0.9832538114642084,-2.4803690834968286,32.46364305712345,2.087295495275794,263829.7223291005,(518729.8590783692+0j),(1117.1754632892134+0j),(0.9940255667117577+0.1083493922846253j),(0.9940255667117577-0.1083493922846253j),(1.895161756559396e-06+0j),(0.0008951145396133664+0j)
1616,0.9832539347601933,-2.4808744049290308,32.46009946458655,2.084930343217594,255930.94847699857,(510170.20694035775+0j),(1119.2695263169376+0j),(1.0944065649610073+0j),(0.9137285925917202+0j),(1.9536519634585933e-06+0j),(0.0008934398569995569+0j)
1617,0.9832540373478552,-2.4813949699293207,32.45641134303461,2.0824652078228905,252466.9767852394,(504933.9535684984+0j),(1121.4337366468274+0j),(1.0558804552565066+0j),(0.9473619740921665+0j),(1.9967289241838555e-06+0j),(0.0008917156405791942+0j)
1618,0.9832541162850312,-2.481930980268274,32.452572715958226,2.0798956509650894,247833.91054131032,(495667.8210806032+0j),(1123.669875248874+0j),(1.1765794311287403+0j),(0.8499388647759627+0j),(2.0362051558222113e-06+0j),(0.0008899410955734361+0j)
1619,0.9832541543909284,-2.482299393578402,32.449909506649,2.078110614001213,249979.64637153439,(498185.3138340181+0j),(1125.2112947612732+0j),(0.9884462815828541+0.1528264741918763j),(0.9884462815828541-0.1528264741918763j),(2.0001628422934525e-06+0j),(0.0008887219712679909+0j)
1620,0.9832541805484305,-2.482701045071699,32.44698239499374,2.076146516164167,246501.69265720388,(492793.2222397317+0j),(1126.8962874915692+0j),(0.991224171120064+0.13060988310733682j),(0.991224171120064-0.13060988310733682j),(2.028383637500531e-06+0j),(0.000887393110158577+0j)
1621,0.9832541903041032,-2.4831153861895254,32.44393637300418,2.0741002011303706,244209.8547109121,(488419.7094197768+0j),(1128.6393800836522+0j),(0.9896442512866811+0.14204351114663225j),(0.9896442512866811-0.14204351114663225j),(2.0562428771512546e-06+0j),(0.0008860226012596557+0j)
1622,0.9832541825154731,-2.4835199994159325,32.440935325332084,2.0720816715481245,241686.94118484057,(479774.55997219903+0j),(1130.3465091838111+0j),(1.1004620441152035+0j),(0.9087653425364578+0j),(2.0687919568635e-06+0j),(0.0008846844674837934+0j)
1623,0.983254156092922,-2.483937254158743,32.437812354332344,2.069978569403734,240117.82592300925,(480235.6518439362+0j),(1132.1120179132176+0j),(0.9844312771491003+0.1776437090055177j),(0.9844312771491003-0.1776437090055177j),(2.0829182216693584e-06+0j),(0.0008833048179392709+0j)
1624,0.9832541087812521,-2.4843673656044567,32.43456244868305,2.0677871993718657,236746.18523985945,(469956.678564196+0j),(1133.9377334363999+0j),(1.1001437120554627+0j),(0.9091845409121849+0j),(2.1119664483533497e-06+0j),(0.0008818826386570718+0j)
1625,0.9832540381097036,-2.484810533702476,32.43118038803132,2.0655036928987736,234189.70037541052,(467743.0360195399+0j),(1135.8249030602828+0j),(0.993130517689707+0.11434221088605709j),(0.993130517689707-0.11434221088605709j),(2.135021306234944e-06+0j),(0.0008804173931828398+0j)
1626,0.983253941372774,-2.4852669405962944,32.427660734221675,2.06312399921418,229114.54687732953,(458229.09375247674+0j),(1137.77526504944+0j),(1.1484858387347607+0j),(0.8708426442875615+0j),(2.1918482587844205e-06+0j),(0.0008789081919586341+0j)
1627,0.9832538603821145,-2.485580695131144,32.42521907517011,2.061471180144135,227733.26856442046,(455466.5371266454+0j),(1139.1200343131563+0j),(1.1168957473108108+0j),(0.895176966975364+0j),(2.2369116432948866e-06+0j),(0.0008778706105731533+0j)
1628,0.9832537582687126,-2.485922808542088,32.422535702080246,2.059652868531124,227896.8277052248,(455793.65540825564+0j),(1140.5901681276698+0j),(0.9885530269817923+0.1508990390914556j),(0.9885530269817923-0.1508990390914556j),(2.199444047364756e-06+0j),(0.0008767391025621232+0j)
1629,0.9832536374592469,-2.486275788976276,32.419743577794634,2.057758780821147,229141.74301079527,(444878.5793825449+0j),(1142.1114728701948+0j),(1.194756812372328+0j),(0.8373912309914298+0j),(2.182055497320821e-06+0j),(0.0008755712764020645+0j)
1630,0.983253496001922,-2.486639840322151,32.41683825020872,2.0557856379304447,222959.01031940273,(445918.0206365629+0j),(1143.685043098548+0j),(0.9940705139348553+0.11027159898004558j),(0.9940705139348553-0.11027159898004558j),(2.2816333069116923e-06+0j),(0.0008743665972158155+0j)
1631,0.9832533409488582,-2.486995263273663,32.41397604026129,2.0538395172478836,219401.33189521029,(438802.6637881416+0j),(1145.2261650285766+0j),(1.117923461285457+0j),(0.8942606423403323+0j),(2.3055986116261633e-06+0j),(0.0008731899712646633+0j)
1632,0.9832531630831346,-2.4873617048263457,32.410997778072115,2.051812100155381,219899.37762040412,(439798.7552385345+0j),(1146.819997351826+0j),(0.9837532222522645+0.17982641011941974j),(0.9837532222522645-0.17982641011941974j),(2.309575551086527e-06+0j),(0.0008719764235476557+0j)
1633,0.9832529601220585,-2.4877393437250177,32.40789871024661,2.0496998536376774,216119.69350055867,(432239.3869988038+0j),(1148.4681473560327+0j),(0.996411143122921+0.07951511170208694j),(0.996411143122921-0.07951511170208694j),(2.363056224736728e-06+0j),(0.0008707250637538537+0j)
1634,0.9832527295777078,-2.4881283443779445,32.404673886204094,2.047499080524326,209035.6288963466,(415727.95436738594+0j),(1150.172010313185+0j),(1.3643286926824187+0j),(0.7327665334390084+0j),(2.3919367365397457e-06+0j),(0.000869435174799694+0j)
1635,0.9832524687391184,-2.4885288545219,32.40131814996435,2.045205911077117,210936.7726797046,(420139.8862826479+0j),(1151.9326241165863+0j),(1.1350796177204374+0j),(0.8804940755088567+0j),(2.370378543536507e-06+0j),(0.0008681063288888353+0j)
1636,0.983252275267968,-2.4888041161070182,32.39899037219513,2.043613370173885,209794.0551825017,(417667.6508230505+0j),(1153.146718341421+0j),(1.0904931291124542+0j),(0.9177054184833323+0j),(2.3832896483548385e-06+0j),(0.0008671923395685618+0j)
1637,0.9832520508217946,-2.4891041935536906,32.3964323125449,2.0418615451235045,210437.17788414683,(420874.3557659177+0j),(1154.4740188185824+0j),(0.9742984367375591+0.22560144425705242j),(0.9742984367375591-0.22560144425705242j),(2.4086295200599742e-06+0j),(0.0008661953280191784+0j)
1638,0.9832518041452353,-2.4894137315019287,32.39377075488549,2.040036906548088,207494.76934664958,(413225.9021004656+0j),(1155.8475726491295+0j),(0.9911281271202625+0.12838547606734876j),(0.9911281271202625-0.12838547606734876j),(2.409699297853538e-06+0j),(0.0008651659821870501+0j)
1639,0.9832515480437098,-2.4897159823102957,32.391148909346605,2.038237558746875,206984.38019443367,(413968.76038645173+0j),(1157.1930159974645+0j),(0.9715477445426774+0.23566073934736748j),(0.9715477445426774-0.23566073934736748j),(2.4182607464737768e-06+0j),(0.0008641600701846153+0j)
1640,0.98325126777871,-2.4900276557085808,32.388420978642195,2.036363363735939,201714.82390022086,(403429.64779796294+0j),(1158.585122471942+0j),(1.0578771959429731+0j),(0.9450434766061226+0j),(2.5053674172595767e-06+0j),(0.0008631217343803767+0j)
1641,0.9832509612351826,-2.490348910246388,32.38558263286981,2.034411093750653,194569.84933701047,(389139.6986714512+0j),(1160.0250904695122+0j),(1.3731584958506577+0j),(0.7277041907455057+0j),(2.5927717738202277e-06+0j),(0.0008620503193766805+0j)
1642,0.9832506261179769,-2.4906798929248715,32.38262936340898,2.0323773729382886,195697.87817005796,(391395.75633756095+0j),(1161.514003662282+0j),(1.225453859653505+0j),(0.8155754141353546+0j),(2.569283691437756e-06+0j),(0.0008609452804178055+0j)
1643,0.9832502599365824,-2.49102073726687,32.37955647551368,2.030258669900343,198396.22465838894,(394821.9843165693+0j),(1163.0533242435426+0j),(0.9848716990743054+0.17116802284372218j),(0.9848716990743054-0.17116802284372218j),(2.520209247248062e-06+0j),(0.0008598058058091934+0j)
1644,0.9832499954721499,-2.491255033641251,32.37742506067467,2.0287875300124956,201523.57283122602,(403047.14565997093+0j),(1164.1150736986747+0j),(0.9344575805481827+0.35520692872433074j),(0.9344575805481827-0.35520692872433074j),(2.4926661436459617e-06+0j),(0.0008590216062428171+0j)
1645,0.983249694972949,-2.491510492417784,32.37508293955,2.0271694745666133,193205.85537969746,(381768.29820711724+0j),(1165.2765314276376+0j),(1.2078709425351577+0j),(0.8281622160698466+0j),(2.587913285654436e-06+0j),(0.0008581653991334917+0j)
1646,0.9832493713471453,-2.4917740495585172,32.372646221807464,2.0254844164643533,193298.0539475377,(380660.0628563046+0j),(1166.4785564760348+0j),(1.1313897939454773+0j),(0.8838672219328877+0j),(2.586678912655006e-06+0j),(0.0008572810828748078+0j)
1647,0.9832490416174868,-2.4920314468919225,32.370246023641634,2.0238229639692573,197034.30090884256,(389427.80606264295+0j),(1167.65638337379+0j),(0.9509082114912015+0.30863475691218184j),(0.9509082114912015-0.30863475691218184j),(2.537629223424116e-06+0j),(0.0008564163348952252+0j)
1648,0.9832486667447857,-2.4923117735934808,32.36760845959771,2.0219953126198495,186447.20955101374,(372894.41909934575+0j),(1168.9439896766614+0j),(1.1747445074012322+0j),(0.8512719675649624+0j),(2.695393702950366e-06+0j),(0.0008554729808479558+0j)
1649,0.9832482846522181,-2.4925853231511863,32.36501036598259,2.0201930721171975,184878.80079368295,(368532.1189560959+0j),(1170.2051486516707+0j),(1.2072239324325253+0j),(0.8283990100279393+0j),(2.704474487378552e-06+0j),(0.0008545510173035643+0j)
1650,0.9832478736042852,-2.4928672119729924,32.36230727028359,2.0183159466213914,196212.28652895382,(387334.43412530073+0j),(1171.5096714633285+0j),(0.9107790867797353+0.4135219352711186j),(0.9107790867797353-0.4135219352711186j),(2.5482604012642447e-06+0j),(0.000853599440655215+0j)
1651,0.9832474313132801,-2.493157560664968,32.359494896250716,2.016360713450819,175130.377088741,(350260.75417462696+0j),(1172.8594456100354+0j),(1.4757340077243222+0j),(0.6780791341412257+0j),(2.856192700054705e-06+0j),(0.0008526170826749432+0j)
1652,0.9832469553059007,-2.4934564772180354,32.356568791843905,2.014324002615192,180975.28569166936,(358912.47051998373+0j),(1174.2548321195072+0j),(1.160068955881804+0j),(0.8624642984916764+0j),(2.7628081817518167e-06+0j),(0.0008516039041058313+0j)
1653,0.9832466156743589,-2.4936619022747326,32.35453929621056,2.012909928979367,176528.34438418955,(353056.6887655467+0j),(1175.217642624054+0j),(1.2703252096582334+0j),(0.786450305032825+0j),(2.856347108569359e-06+0j),(0.0008509062187572622+0j)
1654,0.9832462335306014,-2.493885834216638,32.352309270866805,2.011354765741003,166596.77506358817,(332264.3652493093+0j),(1176.2709054818597+0j),(1.6556415210973727+0j),(0.6036995600692955+0j),(3.00125857666608e-06+0j),(0.0008501442958695028+0j)
1655,0.9832458260212232,-2.4941168116887797,32.349989287777085,2.009735345102569,173879.25592100903,(347758.5118391425+0j),(1177.3610694569697+0j),(1.258601342141359+0j),(0.7937485328901737+0j),(2.8852341022446686e-06+0j),(0.0008493571137336855+0j)
1656,0.9832454147194881,-2.494342337225453,32.347704184859936,2.0081387508447106,179515.98268096018,(357081.4690343096+0j),(1178.4296451464536+0j),(0.9624107398643773+0.2698024517791494j),(0.9624107398643773-0.2698024517791494j),(2.785267320138787e-06+0j),(0.0008485869351985236+0j)
1657,0.9832449763775689,-2.4945748784339896,32.345326898124995,2.0064761430635425,168954.04011541992,(337908.08022788045+0j),(1179.5360503719412+0j),(1.365700550550919+0j),(0.7314544506754975+0j),(2.986257856114396e-06+0j),(0.0008477909597745628+0j)
1658,0.9832445090397023,-2.494814551939091,32.34285368456142,2.00474470647781,167002.9856539966,(333021.49609375384+0j),(1180.6810796367622+0j),(1.4100913988113992+0j),(0.7084413346930217+0j),(2.99395844958366e-06+0j),(0.0008469687692601431+0j)
1659,0.9832440105991742,-2.4950614656078574,32.34028064788565,2.0029414990437484,193625.70466614678,(387251.4093297112+0j),(1181.8655602544145+0j),(0.7773845752461196+0.6291540375004868j),(0.7773845752461196-0.6291540375004868j),(2.6074468487314747e-06+0j),(0.0008461199254806001+0j)
1660,0.9832434787861466,-2.495315717098969,32.337603732246855,2.0010634457449044,146868.50245910214,(289622.2678418177+0j),(1183.0921107586855+0j),(2.139394732537203+0j),(0.467195633444472+0j),(3.40440592525976e-06+0j),(0.0008452427256167075+0j)
1661,0.9832431020142749,-2.4954904782223193,32.33574717153344,1.9997597039357178,186518.39400317808,(373036.78800367547+0j),(1183.937693918108+0j),(0.8115171956553839+0.5840970424024449j),(0.8115171956553839-0.5840970424024449j),(2.693329872804506e-06+0j),(0.0008446390424672613+0j)
1662,0.9832426805388434,-2.495681013497977,32.33370726433349,1.998326048357689,180039.9668696803,(360079.93373658345+0j),(1184.863689552201+0j),(0.8583303822041781+0.5147218335514915j),(0.8583303822041781-0.5147218335514915j),(2.7931153758376745e-06+0j),(0.0008439789399278091+0j)
1663,0.9832422337538077,-2.4958775769566697,32.33158517402029,1.9968333416031365,156783.55844999757,(309692.2276011871+0j),(1185.8230263137136+0j),(1.626523212742679+0j),(0.6141787600895149+0j),(3.1891099101730643e-06+0j),(0.0008432961561191481+0j)
1664,0.9832417854041755,-2.4960695343859887,32.32949509249594,1.9953618598735323,188884.40646895065,(375270.38380737626+0j),(1186.7630018205643+0j),(0.7640894237210047+0.6448663670755147j),(0.7640894237210047-0.6448663670755147j),(2.6471216409581965e-06+0j),(0.0008426282234248345+0j)
1665,0.9832413102441047,-2.4962674989577502,32.32732080282012,1.9938297318485292,165576.4114155226,(325470.57526302617+0j),(1187.7372458067211+0j),(0.9958379111933469+0.08825091362429137j),(0.9958379111933469-0.08825091362429137j),(3.0197538147495147e-06+0j),(0.0008419370555264176+0j)
1666,0.9832408064684882,-2.496471574332711,32.32505889334363,1.9922343864849434,177793.01298569707,(355586.0259685819+0j),(1188.7455795113365+0j),(0.825576698948951+0.5638804650917347j),(0.825576698948951-0.5638804650917347j),(2.8165423143511646e-06+0j),(0.0008412228978700839+0j)
1667,0.9832402721390859,-2.496681857140113,32.32270581316141,1.990573138136443,166045.27038454803,(329746.4530846891+0j),(1189.7898908570705+0j),(0.9410824908808566+0.33695000865120994j),(0.9410824908808566-0.33695000865120994j),(3.0112269915702648e-06+0j),(0.0008404845323556238+0j)
1668,0.983239705174087,-2.4968984357815622,32.32025786641831,1.9888431810414202,101733.04069229715,(202599.02670779603+0j),(1190.8714937340467+0j),(3.813687411507735+0j),(0.2630618935439021+0j),(4.9148240985382826e-06+0j),(0.0008397211664798554+0j)
1669,0.9832391033367924,-2.497121389112317,32.31771120637119,1.987041583489197,177906.72441228572,(355813.448821761+0j),(1191.9893356714128+0j),(0.7792091721793105+0.6267002915258196j),(0.7792091721793105-0.6267002915258196j),(2.8141315890097985e-06+0j),(0.0008389336800220978+0j)
1670,0.9832386787581366,-2.4972746000551016,32.31594505212626,1.9857910156814267,165084.20111426868,(330168.4022255086+0j),(1192.7619035654136+0j),(0.8942490122936404+0.4473267152329477j),(0.8942490122936404-0.4473267152329477j),(3.0410545200298983e-06+0j),(0.0008383902915812251+0j)
1671,0.9832382054704994,-2.497441604551761,32.3140045440199,1.9844159259338578,164187.7570509589,(323353.46026202774+0j),(1193.6074195629408+0j),(0.9180607059789097+0.3971163913008505j),(0.9180607059789097-0.3971163913008505j),(3.0452940522809633e-06+0j),(0.000837796400601768+0j)
1672,0.9832377055809124,-2.497613853112787,32.31198592837249,1.982984300698532,159260.82441009983,(318521.64881706017+0j),(1194.483428515309+0j),(0.931384675463522+0.3644552553929482j),(0.931384675463522-0.3644552553929482j),(3.153342302807717e-06+0j),(0.0008371819788110736+0j)
1673,0.9832372057199317,-2.497782025610099,32.309997830946244,1.9815731348862275,139611.66089874518,(276388.076377051+0j),(1195.3428967597652+0j),(1.8296021769109814+0j),(0.5462202518257693+0j),(3.58136273709288e-06+0j),(0.0008365800331055586+0j)
1674,0.9832366778071914,-2.4979554186949877,32.307929707634784,1.9801039169613652,103435.82662199865,(206871.6532391634+0j),(1196.233440414848+0j),(3.4115944970203484+0j),(0.2933756975913715+0j),(4.8856690348938965e-06+0j),(0.0008359572352056397+0j)
1675,0.9832361200553691,-2.4981341180683923,32.30577832157785,1.978574194478404,145241.14839100625,(290482.29677856993+0j),(1197.1551710526828+0j),(1.4036549675976306+0j),(0.7130645559905134+0j),(3.4568481506247474e-06+0j),(0.0008353136039784319+0j)
1676,0.9832355305503209,-2.4983182027897657,32.303540304156776,1.976981406347047,188605.14064739013,(377210.2812921292+0j),(1198.109865435137+0j),(0.6062401156813497+0.7951721086850554j),(0.6062401156813497-0.7951721086850554j),(2.6666589235183405e-06+0j),(0.0008346479973289089+0j)
1677,0.9832351161701541,-2.4984447796687275,32.30198827151904,1.9758759510554729,141425.74490575807,(282851.4898079807+0j),(1198.7701794806576+0j),(1.4953690765304002+0j),(0.6685425565078583+0j),(3.5496638322683927e-06+0j),(0.0008341882510178772+0j)
1678,0.9832346556426815,-2.498582824579862,32.30028309118847,1.9746605825311345,150528.66605723483,(298716.36046305957+0j),(1199.4927764781146+0j),(0.9672944151627998+0.25090684075061753j),(0.9672944151627998-0.25090684075061753j),(3.3216264589457256e-06+0j),(0.0008336857211629707+0j)
1679,0.9832341707550576,-2.4987252851993866,32.29850935028777,1.9733954221629375,128070.2033702597,(256140.4067366153+0j),(1200.2421390488346+0j),(2.0156599787198033+0j),(0.4961698012654266+0j),(3.920678241638905e-06+0j),(0.000833165215164888+0j)
1680,0.9832336600431626,-2.4988722477709113,32.29666428078709,1.9720783826708086,160581.8640893446,(321163.7281755755+0j),(1201.018421610158+0j),(0.816596769723841+0.5779116775982047j),(0.816596769723841-0.5779116775982047j),(3.1388958553341854e-06+0j),(0.0008326266955550584+0j)
1681,0.983233150764291,-2.499015761378606,32.29484717118193,1.9707803010720664,111121.91084692386,(222243.82168934814+0j),(1201.780939633598+0j),(2.7213829899593343+0j),(0.3674527301594843+0j),(4.517339849817676e-06+0j),(0.000832098402927445+0j)
1682,0.9832326143616433,-2.4991637606095742,32.29295698656062,1.969428962430194,136898.890187172,(271657.432630558+0j),(1202.5706628427888+0j),(1.5358818287158693+0j),(0.6513189097330015+0j),(3.6523305581444516e-06+0j),(0.0008315519665652464+0j)
1683,0.9832320491929661,-2.4993163223346633,32.2909907759389,1.9680221281850736,139496.04334000155,(278992.0866764188+0j),(1203.3893254277843+0j),(1.2642884851634903+0j),(0.7917847299458634+0j),(3.5927328936591286e-06+0j),(0.0008309862644783442+0j)
1684,0.9832314535040102,-2.4994735181137337,32.28894546849838,1.9665574614865635,181878.4423352343,(363756.8846677195+0j),(1204.237400964424+0j),(0.5772287003616945+0.8168681897750352j),(0.5772287003616945-0.8168681897750352j),(2.7542465162153657e-06+0j),(0.0008304010480927264+0j)
1685,0.9832308254201495,-2.4996354132960414,32.286817868702556,1.9650325225550223,250061.77717627995,(495719.53296181257+0j),(1205.1160087971298+0j),(0.18620190428423106+0.9824346168708952j),(0.18620190428423106-0.9824346168708952j),(1.999505904693008e-06+0j),(0.0008297956318594177+0j)
1686,0.9832303848166072,-2.499746709730588,32.285342449051846,1.9639742237012756,235908.6821250763,(471817.36424803315+0j),(1205.7237023497285+0j),(0.23283193774413852+0.9725927716526255j),(0.23283193774413852-0.9725927716526255j),(2.1459485929262527e-06+0j),(0.000829377408892704+0j)
1687,0.9832298959791015,-2.499868067973386,32.28372147919763,1.9628107631800784,78653.62192320498,(155918.85047191504+0j),(1206.3904911186505+0j),(4.633271952526268+0j),(0.2161942865313888+0j),(6.356986338256495e-06+0j),(0.0008289190000355034+0j)
1688,0.9832294096854781,-2.4999866444642014,32.28212513084563,1.9616641959122258,147618.83935992082,(295237.67871645454+0j),(1207.0435743752003+0j),(0.8641961883585125+0.502692285997488j),(0.8641961883585125-0.502692285997488j),(3.4149815293382958e-06+0j),(0.0008284705047143761+0j)
1689,0.9832288987119955,-2.5001089975557402,32.28046464532236,1.9604707413887903,104456.03980052553,(208912.07959626435+0j),(1207.7217170854294+0j),(2.7596068022401425+0j),(0.36271033416915344+0j),(4.797664517445068e-06+0j),(0.0008280053139829292+0j)
1690,0.9832283616403863,-2.5002351993484315,32.27873743665576,1.9592284409408594,142285.08809999967,(284570.1761964853+0j),(1208.4243877827469+0j),(0.9053769630677917+0.4252444714291295j),(0.9053769630677917-0.4252444714291295j),(3.550605189268495e-06+0j),(0.0008275238487878677+0j)
1691,0.9832277969598762,-2.5003653183699326,32.27694081408657,1.9579352508185517,162484.02021125227,(324968.0404194273+0j),(1209.153144214014+0j),(0.6749045502576347+0.7386086392941918j),(0.6749045502576347-0.7386086392941918j),(3.1144927382360847e-06+0j),(0.0008270250998362162+0j)
1692,0.9832272030605081,-2.500499418905772,32.275071977814214,1.9565890382642754,295563.80986529175,(591127.6197288919+0j),(1209.9080288863677+0j),(-0.023309371067255356+0.9992175165253712j),(-0.023309371067255356-0.9992175165253712j),(1.7143030214302994e-06+0j),(0.0008265091031582504+0j)
1693,0.9832267873180347,-2.500591663014899,32.27377604494871,1.9556548899388515,139755.40886205656,(279203.59613434644+0j),(1210.4316455996227+0j),(0.9047231928099659+0.4252702275687313j),(0.9047231928099659-0.4252702275687313j),(3.5776790614230695e-06+0j),(0.0008261515665949178+0j)
1694,0.9832263268856147,-2.500692299196834,32.27235230865111,1.954628025707267,125693.32647638307,(251386.6529487882+0j),(1211.0045327787816+0j),(1.519431315686119+0j),(0.6595027290145422+0j),(4.034863911702311e-06+0j),(0.0008257607408120364+0j)
1695,0.9832258438658796,-2.5007961932429446,32.270871408643224,1.9535592749403214,74996.88834938675,(149831.27197854483+0j),(1211.5991528463373+0j),(4.5691354268134505+0j),(0.21899706093343954+0j),(6.666943269604499e-06+0j),(0.0008253554801303963+0j)
1696,0.9832253641064058,-2.500897727060668,32.26941303854055,1.9525061279983662,145216.56813627618,(287948.87662249536+0j),(1212.1825461122778+0j),(0.821871529481+0.5709947745866708j),(0.821871529481-0.5709947745866708j),(3.4431332899749464e-06+0j),(0.0008249582564866121+0j)
1697,0.9832248607773584,-2.5010025171863663,32.26789611240848,1.9514100042706977,104623.87379951263,(-208990.7127663927+0j),(-6.187533764063039+0j),(1212.7897154288405+0j),(-0.1619116710851166+0j),(-4.779023963207035e-06+0j),(0.0008245452506429066+0j)
1698,0.9832243325750507,-2.501110628104752,32.26631827194536,1.950269115608175,130948.72999203675,(261131.17116789+0j),(1213.4167842599377+0j),(0.9724051277404103+0.23365375932705632j),(0.9724051277404103-0.23365375932705632j),(3.8182882723467085e-06+0j),(0.0008241191427266187+0j)
1699,0.9832237781137283,-2.5012221215036035,32.264677063448424,1.949081596747341,39863.94568652701,(79453.7736567128+0j),(10.172828114436424+0j),(1214.0692189844938+0j),(0.09921805441915711+0j),(1.2542662083940334e-05+0j),(0.000823676263382941+0j)
1700,0.9832233906140871,-2.5012988597295833,32.26353900822602,1.9482576555078337,212661.19412606128,(420768.6593196074+0j),(1214.5193300392389+0j),(0.26267255930107697+0.9647709026977734j),(0.26267255930107697-0.9647709026977734j),(2.3511576809183818e-06+0j),(0.0008233710038676431+0j)
1701,0.9832229620550859,-2.5013826221058557,32.26228874808561,1.9473520199271661,26627.016855794038,(53254.03369281015+0j),(15.955027308327244+0j),(1215.014871556276+0j),(0.062047408616402386+0j),(1.8834908064213927e-05+0j),(0.000823035193549367+0j)
1702,0.9832225131280387,-2.5014691439150054,32.26098832101074,1.9464095352150261,314463.1917389731,(628926.3834763562+0j),(1215.5267176705363+0j),(-0.11907984196814966+0.9926190262355266j),(-0.11907984196814966-0.9926190262355266j),(1.6332334065905862e-06+0j),(0.0008226886218399538+0j)
1703,0.9832220427527019,-2.501558487254826,32.259635708798896,1.9454286767479188,267805.52923393855,(528644.5666978009+0j),(1216.059826329562+0j),(0.017610830558827367+1.00010492029007j),(0.017610830558827367-1.00010492029007j),(1.8670264256006958e-06+0j),(0.0008223279631395792+0j)
1704,0.983221576120319,-2.501645821591594,32.25830370203956,1.944462209401368,412179.3209615221,(824358.6419218312+0j),(1216.5827186093768+0j),(-0.3030630826992458+0.9532136035443171j),(-0.3030630826992458-0.9532136035443171j),(1.3360286244602579e-06+0j),(0.0008219745232094577+0j)
1705,0.983221087156587,-2.5017359787661126,32.256918241405636,1.9434563766579531,107349.93173504111,(214699.86346542457+0j),(1217.1277154054644+0j),(2.1023262386078327+0j),(0.474987616511416+0j),(4.694104225540714e-06+0j),(0.0008216064656266649+0j)
1706,0.9832205746662825,-2.50182901691759,32.25547717608727,1.9424095465373128,220366.98123967758,(440733.9624770862+0j),(1217.691248955045+0j),(0.17633016585240302+0.9844579064552994j),(0.17633016585240302-0.9844579064552994j),(2.3474433311126587e-06+0j),(0.0008212262353685994+0j)
1707,0.9832200373813608,-2.5019249920351774,32.25397826839168,1.9413200171301153,71739.60734194171,(143479.21467691378+0j),(1218.2773620087335+0j),(4.417898105434755+0j),(0.22677990013556373+0j),(7.001824509816202e-06+0j),(0.0008208311431793326+0j)
1708,0.9832194739559541,-2.5020239575031065,32.25241919023378,1.9401860134435172,535300.197343398,(1070600.394685862+0j),(1218.8827911902233+0j),(-0.44462237150345135+0.8952875913692354j),(-0.44462237150345135-0.8952875913692354j),(9.689912567810584e-07+0j),(0.0008204234299316884+0j)
1709,0.983219080529828,-2.5020920655529104,32.25133810257039,1.939399236783947,598630.5195038299,(1163879.479844643+0j),(1219.3030713003604+0j),(-0.4809036944884588+0.8773281748034398j),(-0.4809036944884588-0.8773281748034398j),(8.352397408918773e-07+0j),(0.0008201406386255042+0j)
1710,0.9832186457333996,-2.5021664006613884,32.250150442008454,1.9385344827294038,286402.89524100826,(-569719.9436788994+0j),(1219.7680188860036+0j),(-2.991329071463852+0j),(-0.333958571716159+0j),(-1.7457924075131065e-06+0j),(0.0008198280203217842+0j)
1711,0.9832181906224192,-2.5022431766596838,32.248915143299634,1.9376345785267555,486429.711948324,(-920985.7227849474+0j),(1220.2475347763398+0j),(-2.2778726291397144+0j),(-0.4384100511979304+0j),(-1.027897736751833e-06+0j),(0.0008195058556095862+0j)
1712,0.9832177395868413,-2.5023182430846216,32.24769868436763,1.9367479361539726,125382.65625364917,(250765.31250331053+0j),(1220.7157316944813+0j),(0.9114638159076343+0.41145515012870587j),(0.9114638159076343-0.41145515012870587j),(4.002685452211481e-06+0j),(0.0008191915397047322+0j)
1713,0.9832172674409967,-2.5023957536763333,32.246433430925656,1.935825241241652,24375.93169459667,(48534.25051295769+0j),(16.530991477137647+0j),(1221.2048643435057+0j),(0.06052160720301666+0j),(2.051203648233085e-05+0j),(0.0008188634271669911+0j)
1714,0.9832167730878325,-2.5024757605832995,32.245117421233466,1.9348650040566255,264673.33724888327,(529346.6744958775+0j),(1221.7113237927601+0j),(-0.03590849275848941+0.9991281574585053j),(-0.03590849275848941-0.9991281574585053j),(1.93599513884189e-06+0j),(0.0008185239672583057+0j)
1715,0.9832162553654946,-2.5025583143117394,32.243748614404964,1.9338656714085447,123509.05251692199,(247018.1050297957+0j),(1222.2387084284815+0j),(0.9100480497742132+0.4135661925773448j),(0.9100480497742132-0.4135661925773448j),(4.13335615961424e-06+0j),(0.0008181707821343575+0j)
